8248
667
790
2591
2966
4910
8240
7608
6592
5513
2641
5537
3182
3748
5382
1848
2835
1203
6296
8931
5405
4519
2680
1589
352
3032
941
9897
4895
5936
6574
367
5685
2415
1139
4480
8615
1066
9775
919
4434
23
6369
4609
9972
509
1212
7334
5818
5687
1481
8789
2025
4804
4080
1338
1856
6584
8495
5197
5503
340
3632
2138
9550
4706
1111
965
8114
4598
6736
7247
9347
8195
5007
2182
7139
9272
7921
2051
518
5251
7669
94
2535
5486
2825
765
7477
1097
8767
7044
7596
7138
928
7562
6256
9681
9616
6888
8569
4976
7524
2095
9342
2531
2579
7914
2775
9365
2508
1698
5751
8527
8238
1362
7768
6372
8881
4619
5606
6968
780
7645
9346
3101
2571
4340
7413
3064
6957
500
6700
9272
1054
2683
8985
1466
9557
7652
1396
1676
2458
4966
7180
8260
1774
7467
4700
1889
5018
9777
1388
9719
5479
2511
9253
120
7020
7633
4193
3378
9829
8840
3296
3810
9575
2761
1327
8463
9387
1556
2835
5791
8643
5941
7976
8757
8306
2291
337
9631
1819
6667
8910
2208
8796
7261
5370
8064
8391
2875
3471
5696
4415
7290
7446
8274
5515
5013
489
8199
4861
7984
5019
3132
6247
6433
1561
2168
1409
462
5534
1310
773
4301
2182
2645
1734
3670
6150
8967
6659
5774
3503
3088
3012
4117
3404
2424
8738
7143
1563
3092
1754
5871
9011
8995
4660
3493
2080
139
1702
666
4956
8657
3218
2183
1085
6041
3199
1172
5554
7225
6027
8211
105
6146
3241
6667
5387
5543
8158
4335
994
1637
5164
3735
7174
8251
9888
3589
6207
9870
6571
6216
1992
747
7305
6562
3860
1593
4137
8970
8484
7390
3001
5050
8705
8121
3574
7329
4748
4192
4866
1956
618
2327
4320
9187
7148
9150
7935
6697
5731
9274
5888
7979
6881
3790
9849
1969
8979
3366
4532
6540
4942
599
570
7762
7141
1442
3339
1459
9268
2981
1293
7499
8958
3366
8574
8912
8510
2509
8873
7267
1148
3976
1893
7544
2309
9146
4771
9020
1625
3508
5046
9817
4852
6533
7240
5390
5233
4812
8608
8321
8285
6841
590
2900
703
8134
7464
9049
7693
6162
9057
2230
3005
6544
9362
8218
1380
234
2465
9557
6437
6764
1078
6815
1928
5071
4035
5932
8741
4806
8414
7274
1530
1549
3186
8620
645
9766
3558
6745
5592
2368
8874
3864
1269
6920
4568
5459
6168
1521
5696
4779
4045
4224
8948
4441
3678
6630
4275
2658
6086
747
8704
3180
429
7455
9109
103
9189
3141
4846
7297
9577
8660
2351
2845
2765
5683
9626
3767
6921
7311
1993
9941
4339
2861
6162
1200
1996
1215
5555
4542
4800
3349
7891
6347
873
4491
3861
2388
8637
6781
9794
5666
5156
8636
2529
6498
2795
9712
2760
1889
3635
6015
3319
2976
473
5000
2241
1325
5644
4644
8621
5757
5688
5559
9846
7589
7218
5933
8576
378
6834
6175
1004
8546
3894
6148
2305
7120
6549
2187
4696
2081
8230
9281
5199
1473
5666
7747
5711
6585
3082
5553
202
917
1586
3219
3421
4553
6105
8079
5796
8588
917
8702
3889
6309
220
7320
3039
9524
2596
8243
2750
9393
2163
7469
5639
6439
3768
7221
7141
6946
9234
7596
34
2854
2962
2933
6113
6681
365
4195
8335
2177
6906
6919
8956
6321
8163
1466
6911
6690
7121
7351
3540
424
8266
4336
4535
6825
1830
7940
7251
3654
3703
9072
5853
2280
6650
3528
7231
8479
9028
6593
7968
818
1312
9297
3103
7786
7336
7366
2368
445
6016
9550
5164
7317
8253
1456
1325
6784
4524
8793
4698
1338
866
8184
195
1062
5243
8765
9246
9612
8865
2954
5872
5686
2646
1664
170
2088
4935
5509
622
8390
3633
7099
1447
7569
285
206
7212
7305
2048
7225
3202
2594
2879
9214
3490
9594
8796
7301
2892
7889
3495
3357
390
7009
1914
7493
5864
1030
8713
3211
5895
1834
911
7099
9632
3072
7491
6647
9719
4170
2003
8363
7990
8444
1315
6491
1081
396
4849
1354
3667
8366
4004
7272
6872
3569
5844
8274
3780
1028
2219
2619
8226
4339
4278
5398
3967
9124
8623
4688
9027
2348
3185
8304
3978
4441
358
4864
7243
4002
8056
9050
8996
6351
3397
384
9829
2527
1258
653
1235
7646
5640
7312
480
8418
6597
7755
358
7671
3614
6887
4094
4296
6554
9797
1491
6404
5626
8427
7212
4299
1495
3344
212
8880
4032
478
9424
1134
7666
7207
8591
822
6693
539
9413
1977
8858
2475
9560
316
9434
2534
3749
7298
7344
9488
87
2122
4124
3902
4357
6583
9959
234
3834
4136
9030
6029
4437
2847
9655
8790
2024
8345
5214
2010
8897
357
7122
5525
4573
8919
1316
6934
9904
615
6641
1719
2646
9813
7434
2958
1662
6279
5797
7958
477
7720
4101
5162
7581
5908
4309
7727
4423
9750
5399
2018
6382
5142
6678
7296
4854
8571
9139
2973
5331
9740
3233
9211
2881
2760
4482
866
7077
716
921
7752
5560
1755
8321
1096
8174
3626
4434
9964
6712
3
5574
6752
5538
8860
9057
8917
5295
7692
2370
7225
4497
1517
2190
2165
9006
7461
540
9831
7765
7754
7605
162
239
4209
6375
7414
4785
6565
2251
403
1347
8171
6817
5464
2919
1026
6576
6669
5314
2902
950
4337
4729
2070
8028
1931
5712
2004
6944
8323
8223
37
345
8065
7868
2487
4899
1600
3606
9214
1185
3062
1164
8109
1695
3646
8996
2979
4463
6887
944
1986
2034
2979
5118
5548
9192
6799
7737
7053
7001
8475
2698
4095
2056
9592
4113
50
7063
4877
4637
1067
8749
1379
5811
4425
4747
9384
8804
5063
7229
9696
6729
6411
788
5535
8043
772
7918
8706
8578
1882
1836
9755
9712
6866
2439
5324
6594
7129
1771
3133
4099
4393
5383
9148
9386
4927
1330
5326
2602
6978
6834
4779
7473
6607
1218
4890
4764
7683
6814
9654
9303
4867
9716
5083
1759
3943
6104
181
1843
5840
6547
1853
4594
9209
3050
2749
8890
2416
8850
6149
8963
8299
3596
8190
1344
9926
8382
538
35
8335
7287
3496
8310
9477
3195
8287
81
4818
3577
6214
5189
4083
7571
3832
46
9377
6566
7181
5548
2944
593
7774
7316
7903
6603
3539
2538
5483
5071
5755
635
6694
5707
2008
9102
8554
9809
9190
5514
5487
1287
2830
7966
7651
1271
2975
5486
1551
8268
5550
1276
1284
5279
673
6247
1340
4473
3248
4282
9849
3648
1612
1186
8346
4577
9597
3554
5166
5869
2983
3125
4091
9954
4174
2113
4810
5364
1904
6049
3667
5572
9700
9487
7817
3725
1074
6283
4317
6419
881
1565
4113
527
4994
6266
4649
6563
6451
671
1199
4629
8058
9728
1307
3829
7229
3701
5885
1040
526
5360
3925
6702
5369
8435
6234
3434
9811
7263
6167
3415
5952
8272
4501
9626
9100
4768
8075
8597
604
5372
605
2158
5457
3110
9458
7221
3352
7536
4016
5430
1365
3063
1898
9183
5054
867
2233
6465
3362
1515
8362
3909
3731
7497
458
892
9374
3072
9744
6038
6897
6784
6689
6456
7476
1429
3513
588
6653
6727
8739
8393
1679
725
87
3907
4282
930
3411
1655
9799
2512
4054
6420
6031
8521
5200
1563
5617
7316
7191
3917
4001
7918
6012
9705
1129
5130
7511
6737
4971
1807
1823
1393
255
7905
6021
9632
5412
5667
1436
8467
5437
9279
6579
1743
1210
7789
7397
7788
5928
5719
6196
5814
3830
2253
215
7612
1493
8251
5064
4793
8907
6111
4864
3075
9749
2239
6803
5580
7134
9262
1939
6319
1313
4901
5298
2944
8772
7957
1967
5509
1235
8537
5028
4444
1165
885
9058
2092
6537
2146
9862
8335
5906
301
6242
7999
2085
8319
8820
2055
4333
2808
2229
1352
4851
8978
6309
9362
4368
5309
3756
8164
8872
2963
8272
4934
4611
7030
2662
9811
4888
4018
79
9078
9666
3561
8082
516
7142
7221
2672
9903
2621
3687
749
5210
6522
4989
2027
3288
3810
8870
3099
6122
9687
5174
447
7778
7425
1158
9686
9391
616
9997
2032
6
9457
9422
7627
7398
6245
4085
1100
7697
157
5181
3245
8466
2834
8882
4895
1246
3055
8058
352
6242
587
6883
4471
899
2250
1338
1926
4559
5097
6283
4073
980
6077
1226
6917
8467
263
6343
5857
9930
3450
3406
8309
5682
2574
9132
6594
9662
9153
2177
1144
7967
251
6333
2184
7886
6651
4474
6712
5816
5192
8736
7909
333
5525
5051
4509
2857
5885
3523
6153
5966
5265
6634
5778
8977
7607
907
6247
2729
4140
5162
1033
7217
930
4661
8419
4495
7729
5471
1559
8776
2093
4408
1996
7623
831
6940
9244
1152
2913
18
6847
6511
2073
8696
9273
4818
1089
6457
2382
3431
4520
8721
1786
6306
4419
935
8283
4884
6931
3757
4056
7239
5397
7928
1114
2607
3005
1674
4504
9602
8175
2948
4622
1725
4349
1444
7253
3496
2290
5583
2514
9711
2185
4627
8134
584
5969
4816
6894
5526
6530
8478
3299
9749
8374
6370
4254
9591
7074
1397
7767
8313
7104
6044
2371
7311
7114
403
9477
9782
1897
86
2458
9905
1116
881
8004
9554
3937
9737
7963
2514
1793
9347
3866
4055
6740
5934
5865
7952
3974
4366
5064
1147
1825
627
5316
4993
5042
6585
7213
8016
6160
7077
9571
5400
212
9335
4283
46
4789
4586
2077
3566
914
5991
6421
5876
3714
820
4905
5831
7730
5295
3018
6733
2892
4135
1258
6194
7417
7991
9087
8027
9186
9462
2116
7028
4478
973
5786
2704
4205
4637
9445
8219
2139
7149
753
9565
7337
6242
1401
1255
5630
6890
5469
7116
2865
3353
8280
1429
290
4376
541
394
5003
752
1328
1173
6431
9394
5426
3853
9779
6483
6504
1809
5662
3798
4062
9658
4187
636
477
3396
5171
7975
2720
3197
4151
9322
9422
670
3867
7054
4551
8643
2611
7860
2999
7374
333
2290
8976
9560
6335
4061
1931
1582
9229
399
4460
4089
6020
8888
1452
8048
1823
9779
1029
8145
761
5091
6915
478
1117
5296
2000
2761
7184
1465
7874
2419
7945
9411
759
4714
8414
4856
7549
5690
5801
2494
1361
8289
6954
5990
698
823
3192
6483
6211
8783
7211
6661
5768
5519
9186
4878
4481
1601
8248
788
5062
5741
4820
9698
988
2128
7584
8646
2798
7618
4171
8688
9677
9478
1989
8416
6717
2173
9315
8569
609
4903
8112
9274
7291
4967
4597
8316
3911
7309
6306
4895
2774
2945
425
2484
4074
5875
7134
396
8308
2924
6998
5333
3520
3181
3238
8359
2874
8745
5667
6121
6932
7907
3866
8732
2415
9461
8809
9560
3435
5658
6599
9414
690
5973
2429
9635
9774
8190
7475
1220
3650
9340
1617
4579
2230
5850
7392
1940
3370
8460
8118
7024
7520
5534
4636
9982
2524
5650
614
599
2663
3615
4723
5337
225
9639
3832
9019
9748
4119
2732
5974
9884
2820
5266
9385
2694
9797
2215
5059
1783
7825
4607
6832
1906
7049
1043
2949
9974
6931
6695
1919
8455
5108
1313
3592
873
4814
5719
9717
6127
8023
9201
4914
5812
8220
7290
1339
2111
8178
2788
3152
8541
8015
1724
1284
3430
1144
7164
4786
8888
7057
3882
6776
5487
7017
937
4819
3038
7516
3879
4638
9801
8044
8839
6635
664
1146
6307
8193
2873
8732
4242
2474
8008
3406
4540
2462
640
2215
9847
725
1963
4165
8393
3913
5876
9187
4525
685
165
4330
3813
8243
2377
6050
5274
8494
9195
9031
8712
7158
1460
7412
4875
5389
5572
8431
9638
3952
2945
6192
8084
8731
1808
4445
7198
8358
7957
4280
1879
5779
78
2139
1678
5023
9008
9282
7592
7934
2898
2508
4405
821
5226
5386
6278
9507
853
6766
4914
8668
6546
8951
5102
2887
6792
8981
500
8220
5602
8544
8114
7301
3244
9356
108
2341
1372
9618
1172
122
230
8945
1410
6021
4125
5297
7700
9129
3765
3199
3071
9820
1827
3184
9527
9266
4965
3100
5287
7616
9111
9536
4161
1794
9410
9184
5934
2452
6466
4980
7845
5494
5311
9481
6946
8908
4283
2583
4490
3917
6470
2660
3109
5243
4245
2921
1334
7411
9621
5435
2353
7646
5801
4539
7524
3483
5819
4400
2653
775
4258
1258
325
4920
7013
8271
6431
9271
5627
2175
9913
6855
1552
4297
845
4839
2421
7635
2127
1259
6101
3240
5348
6536
7631
5703
8408
2730
1656
173
1226
6544
7512
7266
9115
3779
1582
5990
3829
8341
2874
697
9332
3263
4645
5698
7847
7280
1138
1658
2601
3981
1792
435
8335
8429
115
3824
3856
5972
9856
6657
7325
3680
7070
8060
6523
4101
4116
6369
6528
9860
1076
3956
5281
9029
3476
8162
8211
8342
2518
1208
7994
2675
5238
6840
8054
5018
3481
554
1201
3901
3863
940
6895
1661
9077
1561
3572
8770
7348
6042
6249
5806
2514
5358
6933
2614
9015
9667
6335
4550
223
2733
8261
8630
3936
8042
141
8042
3304
7729
366
8090
8167
7859
1477
1538
8186
8032
191
9007
3997
6742
5521
8838
6566
2870
8449
5014
4781
2177
1199
397
7765
7332
6135
2626
3063
5241
9370
5638
5352
7538
926
4838
4253
4452
1267
4170
8643
6486
7504
2270
6674
8970
9356
2021
2507
4110
6355
8940
5593
4554
7078
6609
1306
1966
6638
1941
7086
9052
5272
579
8795
9143
9296
6849
8672
9251
9902
5437
6122
5886
4967
2198
5324
3293
4392
785
6548
3333
2653
5071
326
4071
3547
3737
3451
779
4411
3816
269
5553
4299
7750
5802
9619
6378
763
3371
1114
4494
935
7313
1114
1877
987
5481
5346
4566
7189
8124
8348
1729
478
4297
3944
4147
7914
1331
8917
9773
7612
3538
922
5485
7790
4376
4043
3188
5352
6275
609
4653
8564
2876
5185
3398
921
9655
3797
856
61
775
8639
2914
4449
367
9006
4653
4130
5314
563
3277
1052
1669
6322
1913
669
3947
8914
6509
4994
718
8413
9514
6306
5770
226
7982
3671
1460
3951
4852
4376
791
4482
2035
5106
1368
9714
7055
7846
7477
2792
9512
5175
8632
312
9644
2291
8086
4041
9216
8540
3350
5780
7665
7078
5114
6688
7655
5249
5113
6772
4873
3127
3876
8990
5121
6751
7890
6653
2912
9217
1194
3028
4035
5831
6988
3596
7282
840
8422
9564
336
6508
6434
2274
6340
1374
4985
3065
2484
1981
6655
314
6827
134
5110
7806
2362
4252
6727
5396
1306
7414
3543
7579
8885
2492
734
3594
9948
3348
7247
9739
257
3039
778
8540
7507
2831
2895
345
4167
5921
2088
5143
6458
9035
3538
8881
8681
2079
8129
7562
3663
599
8847
4769
8401
1600
2820
6483
7082
2991
4924
9897
4174
8943
3136
4490
3247
8445
5663
6458
2789
9933
3974
1417
9862
7283
7382
1585
9301
5241
6931
133
5717
4107
7134
7506
7751
166
5496
3342
9744
1870
2036
1874
2993
9205
2305
3706
3597
6147
1257
3562
8091
1029
5156
6925
7954
1110
4056
6681
6997
742
6590
7700
1018
5888
5074
6291
7507
7172
1959
7844
303
7623
4332
4627
745
5685
8032
4815
9244
9442
1518
6792
6715
3081
2214
3870
1968
4972
3875
7186
5811
4527
416
1904
5779
3768
5414
6415
5397
992
1688
2808
6460
4855
3263
4255
4890
8732
1943
5146
3517
2217
2449
3431
7515
3488
4240
1015
3233
4370
8561
5536
2499
9901
493
1209
5579
4647
4580
7147
8734
3558
9717
8238
2899
1222
3284
638
9475
7155
2961
6607
9891
4778
6482
6035
2435
3914
1052
4140
8054
7732
3956
2597
3649
8590
7440
4656
2687
5285
8934
692
7809
8758
3644
4478
62
2993
8759
2026
1410
1905
3748
5158
5384
9053
4644
6800
7514
5712
3274
7246
6932
5121
3288
745
4019
7308
44
6218
765
5169
1726
6940
2480
2524
3030
3932
3840
2998
4185
6930
8980
3187
2790
3850
772
3221
1165
251
1228
6537
1108
3319
8136
9344
7192
6483
5231
95
1631
1085
9305
4928
8551
5630
7125
8750
1340
321
2302
9427
944
1478
6348
3510
2930
8324
3755
9315
1200
9737
2581
6336
7665
4698
4630
3840
5141
7128
5395
778
5476
5263
1038
2069
7464
8242
2998
7197
4031
1718
7716
9961
2353
7013
2610
6084
5402
5075
3944
1113
2689
6284
8255
5253
699
3200
7879
724
8436
4001
1315
5924
1182
993
358
7932
2901
4348
7143
1468
578
9907
4831
9609
1102
6728
4672
1884
2831
3933
2476
1714
7730
1358
1885
4362
1104
9624
4841
2417
33
5095
884
4874
9715
9748
5659
2636
5363
8272
8545
9656
1104
5103
312
8635
9968
6414
4512
973
6158
607
7059
1859
3324
3668
5264
7123
9199
199
6884
5665
1631
9260
4082
9748
5988
554
7873
9815
4996
315
952
8190
1366
1921
4327
3756
6039
8127
1809
6582
8740
2333
7348
6222
8031
3707
593
6220
9928
3205
7498
3798
4368
3176
9981
9479
8383
7101
8713
6410
2464
4427
8971
8871
4560
8988
2357
8536
3660
5830
4254
9879
8315
1627
9162
9361
5730
5208
9462
2621
644
7941
2834
8564
8956
1698
4320
4964
5633
8485
8493
1519
531
8436
4796
9813
7787
6117
2770
3126
993
3295
2645
6966
7934
3713
9228
8134
7008
7175
4844
6792
4065
5512
3773
8912
1058
5604
6556
1953
5726
4225
1259
4653
7012
1571
3662
1787
5663
3045
1643
7415
3042
5731
4972
4698
6446
4003
5344
249
1962
6660
2194
329
2018
1208
740
9891
6072
1708
633
61
7999
2978
4996
3706
786
847
4225
570
5662
4981
5701
4074
6858
1564
622
7097
1192
839
9138
4664
2294
3133
9655
7248
1151
3949
933
5006
103
8960
6540
9191
341
5913
1758
6792
9938
8941
4659
2612
4057
8119
3673
7645
6465
1834
3453
6582
1287
4640
1409
7106
724
3911
6290
4807
7015
7684
6592
7801
8385
9333
5382
6777
5258
9361
4083
2775
1578
6561
6261
5780
5854
8719
3912
4446
7674
6553
7121
7255
8517
7184
1964
6410
4366
9744
7441
4198
5002
2112
3301
2964
3376
1748
7271
1331
8535
6205
5368
1674
773
4652
901
6635
8958
8486
5319
4100
5540
8942
7439
6056
8448
8113
4695
608
7811
7818
6606
2518
7509
1361
764
4287
8952
1119
4691
845
6113
6958
514
9157
4368
9402
7512
790
6307
1386
992
9085
9138
9337
7831
1854
6396
6235
2677
6319
7669
2678
3081
8913
9400
3195
9277
8815
7832
516
4924
4398
3608
4843
2787
1018
8640
2670
7304
7582
510
2397
9840
9570
9642
5709
1249
4975
2259
9841
8181
5719
8116
1323
3413
3845
5672
8225
7847
1446
303
4001
1608
9438
6547
8441
8222
4265
4548
2791
4423
1541
5860
932
540
6507
180
2439
19
2373
4442
3914
1099
5008
1803
1458
3898
6271
4145
9987
1694
6382
3497
7841
2494
6210
2875
252
1120
2764
2000
5258
6650
9841
4580
1215
6735
2470
4420
9001
5491
4928
3719
8319
5846
3752
5141
2569
9053
2216
6016
1612
4417
5468
192
3119
7536
5232
3996
3144
6263
3027
5796
3017
2876
165
5177
6624
4545
7689
5567
521
5497
1734
9423
6840
9874
4197
3697
9112
4296
8811
3521
6100
6130
7320
7919
8522
3298
2790
6535
1997
7193
9832
7502
710
6410
2892
3822
2574
8196
6766
1794
4686
2776
1525
780
972
5566
4344
6994
9770
8311
1429
2259
2080
1409
3600
2958
3777
7345
3499
6432
8323
2266
6043
7810
8280
2143
9484
8880
6173
5101
3739
1952
991
2383
5837
6592
2997
1076
7033
516
2312
3083
5341
3600
5611
716
7924
4566
2005
6509
1033
36
5894
499
9017
7009
6900
1433
5480
3265
2083
5217
6300
6782
4809
3251
4669
9887
3747
9239
787
1692
6876
2226
237
5435
6222
9862
8559
1748
9444
6737
274
7603
4478
4358
1999
1483
2576
1826
2272
2669
4790
8668
6974
7232
5544
8403
975
5722
3203
3088
9457
4063
1029
6715
3489
172
1201
7994
2680
2824
8367
8889
5678
6093
9931
5958
3222
6157
172
6265
2933
7199
1594
7751
9759
50
1217
9782
483
7664
7453
9771
4597
2053
4148
3743
8494
9093
4218
5282
9556
1994
9998
8122
8305
7219
5840
9213
6442
7497
2134
1540
1144
7587
113
2916
5050
3456
1951
8780
4510
7563
8624
5366
2845
1058
9838
9700
3262
3817
1352
5863
8553
2667
7642
7566
494
4826
8928
4435
5675
851
2968
6116
208
3513
3711
3278
6276
4074
3881
7587
3486
9065
7159
1844
4887
8961
3537
3459
5119
3954
790
9635
779
244
3384
4089
7606
5907
7534
2828
3671
9752
7079
5565
527
1403
7263
5601
7072
3201
407
7418
8470
8201
1843
5731
1539
3092
4172
6022
2982
3165
5642
7107
4228
6967
3783
8464
1055
9532
8479
2944
5729
1378
5297
5879
4563
7532
2104
7833
1144
3811
1882
52
5568
7211
7490
4773
2465
7093
7235
5945
7519
8314
5328
3140
3051
1436
9736
5672
4860
8000
2828
4276
627
2389
1920
6780
6691
9908
1505
4535
5230
5511
1525
9626
5469
8654
4
4903
7757
7656
7055
2215
1991
2535
3904
9451
1518
5536
4856
4276
5795
7032
1632
7168
8110
6928
540
3163
2820
2391
639
1867
6923
4694
6961
1051
4811
6055
8690
9596
1262
2996
2777
8764
5744
1817
9124
7940
4126
7745
3010
7984
3872
1001
4406
9840
9094
2528
9794
8534
9345
9763
5708
8483
2853
7683
9838
6447
4651
3850
4435
7074
5348
1694
9596
8316
7036
9401
8574
5891
3813
1716
2475
8366
3374
3290
7187
931
6620
407
1174
3108
8464
6042
6997
3916
7666
7176
3277
944
8268
9524
5711
1526
916
5197
1376
607
8425
5226
4129
5655
7383
5801
6544
8919
6234
2221
8765
5250
4595
4050
3533
6661
4440
6597
2495
1768
9634
123
7411
7319
1814
4232
3372
2295
1427
7242
7175
1226
7490
4209
1217
8523
4389
5637
4453
3782
7282
4481
8870
3644
8159
1623
7521
2552
4730
4407
8559
1437
8958
671
3724
8066
2019
7625
2109
7945
4031
9542
4097
8128
3620
4696
1235
9319
981
5079
2677
561
4479
2078
245
7183
9159
8421
3837
54
9283
1863
9228
100
5211
2981
3139
8238
9329
6152
4898
8849
2796
9216
2733
4504
7871
775
9400
4564
6475
2745
6119
492
6012
4649
4239
9628
1102
1721
3310
9323
1954
6194
5877
3010
3738
4027
4338
9905
3459
5077
8533
1967
3131
3137
6597
6224
9356
8620
2178
404
8389
9702
8479
1666
4777
2213
2387
4613
4234
5636
5762
4208
1084
3652
8059
638
303
7401
4721
2834
6786
4837
6866
9700
3161
9695
4700
2357
8721
5949
9631
4682
8687
5279
6537
7549
547
8420
8074
6504
1437
9810
3392
488
8308
1645
7069
40
7725
6261
1752
1180
350
5000
383
1010
1006
5182
7638
2855
7406
5564
7578
2960
9520
1826
1484
1973
254
1085
3058
5765
3059
3313
1982
3121
7961
4519
952
7058
1930
2074
7452
1700
1841
1866
92
1699
5318
9521
4393
5502
6279
6195
1168
6794
434
7956
1159
7354
3468
1083
7075
2703
3863
9005
2101
2801
3885
8207
4235
1112
6807
1016
7905
7740
2300
4391
9248
4433
2012
5737
1940
3836
5122
1781
5421
1336
9232
4426
3200
809
2145
4214
462
1134
3318
8211
6180
4530
1010
829
6893
810
9002
9841
899
3225
5969
7322
313
2704
2319
233
2208
1257
3108
6872
6993
1081
4516
1143
4944
7327
4754
3297
1391
5908
6721
3381
2633
106
4151
9100
1873
1748
1696
8774
4115
9823
2762
4453
2553
4662
8778
5858
1465
2096
5850
8096
1165
4935
2414
6388
3295
3566
1944
4590
337
8622
9770
7840
9863
8166
9710
8588
4023
5497
7539
1682
4568
7239
5098
2429
8534
7926
7293
7461
5285
9823
9594
1144
9667
9131
9215
4283
7860
2174
6156
2656
4830
1735
5489
6779
9190
8927
5574
2765
9332
7142
2793
5847
5831
3131
3914
248
2216
5659
2043
5193
9260
8802
6542
4769
2231
2318
7928
8256
9162
3929
3039
7808
4440
4342
5244
236
7610
8971
715
4115
3843
2292
6729
448
6252
5123
9238
1731
3125
5343
5125
1136
7245
6116
6920
6627
4243
809
5133
1021
7921
622
9718
5425
6446
2766
7721
2585
4835
4990
4076
3968
438
9317
1625
3562
8552
5913
9990
4379
9604
8833
608
6986
9308
142
5623
4165
1846
1834
5471
2414
9188
5757
4689
425
4385
5525
7139
5200
2726
3160
1419
367
6591
8053
654
2678
9269
2933
1797
9168
964
7868
7130
7062
3196
514
3222
7644
7121
4323
8704
8364
4966
8879
8188
1689
840
7527
8782
3705
158
6999
575
672
1415
4284
9788
4353
3042
4665
2035
8949
8812
112
3286
547
6661
6929
5363
753
7106
6984
3187
964
3458
8301
1791
5825
1754
2661
9095
5011
9795
3157
4810
371
6388
9861
4640
3330
8541
9013
1919
3216
5016
2534
3306
6126
6522
7447
3959
171
1220
7765
2394
3997
8792
2271
7818
986
5660
4663
9561
1396
4290
2392
9817
8431
9817
1276
63
2692
1513
6563
2744
4726
1
3122
9270
3363
5304
1489
404
8082
2732
3044
8036
3907
2777
8532
1491
5881
7479
8658
448
2578
5189
2925
8806
915
3582
7998
6376
4991
7072
9851
4473
9464
2486
3900
4181
8707
5867
176
7873
3471
5974
7706
71
4684
1199
2845
8224
4901
331
1595
1798
5095
7976
3977
9880
6366
6638
4971
1355
6000
1436
6616
3155
2123
461
7496
9145
996
3735
5757
5925
5843
6469
1131
4126
881
5735
2798
8133
2560
8367
3689
4728
8837
9400
5272
8511
2697
6466
7703
1279
874
7202
3697
4997
8993
5553
4038
7736
5258
8622
4938
6461
7235
8602
4999
4653
859
9846
52
6484
7558
488
7719
1784
8268
5280
9973
2259
4290
7910
4231
1453
2273
6727
217
6349
1857
1656
3929
410
7565
2877
1815
3655
6529
8542
6746
8089
2163
6797
6042
7857
5806
4141
5993
594
8451
1546
2984
9068
7101
7986
7050
6194
1726
4783
7036
6106
7526
1915
2190
2630
3346
2376
5486
8482
6196
8386
7757
4649
6888
3818
5000
3515
7387
4372
5402
9474
1920
863
6920
8162
967
7355
731
5109
2580
6146
406
5819
1371
2203
4431
8088
7599
457
1813
2076
7769
9094
3654
1392
1300
3376
3859
206
6542
1913
7343
370
8250
2368
2738
3544
5331
250
6112
9657
227
4382
8044
2679
6723
3151
6877
9151
601
7695
2480
4211
2767
947
8642
202
5393
5043
9605
8315
9752
7586
6066
5899
4296
2927
8318
6541
1099
9081
8330
6504
6512
285
2789
2056
3272
6262
3665
5753
9893
6223
3298
8062
8130
6082
8998
135
3071
5694
6030
8485
8582
6819
6567
4748
4883
2337
8031
953
4658
6911
1516
3419
9583
5619
6572
6477
553
7464
4201
8957
1595
4228
4781
2191
2706
2374
6863
8952
2988
8361
8470
3407
2645
8767
7051
7036
223
8990
895
3611
4969
1540
6532
377
1272
5910
3588
6677
296
6487
2087
992
5675
7669
7916
5037
8908
6244
70
9352
943
9851
4715
2978
7327
8748
1971
5365
1175
6257
8252
8224
5710
5884
968
6452
1177
8778
9402
9632
3309
9761
5243
3333
5586
6747
1287
7925
5548
4570
8857
6939
5950
373
1260
2766
8258
5851
6855
7278
6822
5492
4550
3354
2008
2453
3679
7243
3399
5407
5700
4702
7156
9851
8863
3392
6226
1157
4874
1993
7388
5592
5185
2987
6832
7836
6524
4262
3665
5127
2194
5181
5019
3105
7398
3096
3646
1666
4719
6913
4786
5650
1015
1696
1202
7183
8384
7344
6535
3603
7205
6418
4633
8170
182
9052
3856
7797
8415
1320
4320
555
8178
4403
5169
5724
4534
671
9117
3863
1771
6174
2195
6729
7400
2615
9223
7729
1388
8901
1929
4544
4879
1513
3285
287
8580
9188
2201
98
3382
2482
8365
4735
4255
7637
5572
8025
4514
2753
8146
5297
3699
1422
2384
9766
655
2894
3559
5766
6452
6607
836
5212
6064
2950
5202
106
6731
9045
8939
4277
7758
189
6600
5169
7395
5896
2615
1936
8467
2321
8325
1581
1448
2669
2178
4004
4254
972
2888
9699
5129
9384
2497
1827
4499
5776
8123
4948
1377
2424
5224
6674
6857
6320
9160
3698
466
2890
6296
7290
1664
8338
519
7376
7592
9020
181
6300
910
2813
246
9729
6546
1915
937
7035
741
6402
5393
945
1191
7805
7738
1985
6485
8942
4800
5255
4619
5564
6756
597
5283
9267
3836
4425
8337
4102
6604
5376
8528
8622
3099
7735
13
6376
856
4942
7464
2065
6122
8224
7538
6487
2177
4242
4020
5966
7251
7031
8615
6713
1654
4021
2001
2583
1436
9629
8906
5385
9463
4531
6129
8914
7756
5367
9847
848
7024
7324
7344
7990
5294
3467
1014
5919
8164
2103
1385
2618
8945
7272
5466
2383
3826
9052
6026
8949
2173
1157
1053
3419
7705
4161
4815
9369
828
8884
7903
5086
9373
4196
7839
4043
5195
9162
5174
4277
2231
3511
9844
9022
63
8208
420
6483
6355
9442
4369
3151
8449
3505
1989
2409
2665
4022
4541
6898
3080
5745
8252
7414
1626
5487
9076
436
9178
7306
1045
9324
4533
8511
8681
9726
5742
1987
3747
9716
6888
9792
3798
5194
4738
1203
2033
3638
8135
4011
3157
8988
9902
8815
4718
3723
3190
4385
7279
8299
4599
3567
7171
3919
4042
2630
2465
3587
3303
3875
9246
3744
6010
9311
5181
4696
9404
3421
2586
2784
612
7810
9040
1753
2585
9293
7491
7186
1847
8048
8553
2065
7118
2267
62
9522
8111
6558
8320
840
7360
4537
9085
7268
8990
8310
5389
8945
7919
6738
5963
9832
170
6133
559
6146
255
683
2464
2088
4482
427
4887
3994
6459
8547
6942
6742
3431
5761
9890
2632
3776
9844
4700
1469
4131
5253
4690
8121
7619
7845
4778
3212
8765
8466
2032
4249
2695
7473
2500
6034
8406
7834
8796
7923
4300
6127
1077
3770
1808
6354
1361
6602
5831
6909
9577
9429
1241
7857
1254
4994
597
2814
6102
1207
1961
1847
4747
5344
1289
4301
5467
3346
8698
2623
7371
2898
1088
5390
5254
8152
9202
4351
1433
1639
6893
9307
1756
8207
521
1954
3727
4816
8282
941
9148
217
8795
7350
1795
4592
4731
2876
2463
8587
412
9210
370
7430
1561
4462
5777
1133
7505
5138
4068
9583
2753
8605
2974
788
9394
8449
1404
9315
5219
6970
7249
6540
1369
3355
1904
187
7317
333
8933
4583
1162
8910
8358
5668
6045
7374
6793
3650
6864
2082
3567
3459
5969
8117
3162
193
3780
9753
5506
9692
9478
3969
444
1006
3774
82
71
7865
6142
6385
80
8156
8591
7152
7466
8792
9542
5812
9293
8813
3774
2730
8703
1082
2562
5324
8156
4209
5400
2560
9823
6674
4196
9236
3403
1484
3147
3632
1495
7445
7849
5474
4807
6661
3936
5420
7958
6647
5808
3356
1850
8497
1725
3905
7025
430
5625
3265
9729
1440
6434
2374
2804
2929
1558
661
6216
4609
6119
7297
9979
5417
8077
8047
2340
9443
3851
6830
2798
4810
4282
4916
9244
360
7498
2004
3746
2001
2489
1670
6241
4136
9436
614
8714
1682
9184
2892
8989
1017
1631
596
4346
1210
2837
9753
3792
8139
7682
2817
6589
7068
1771
1256
5732
4408
8110
8837
3620
7298
1679
2039
133
3914
5953
6086
2932
2703
8552
7389
1260
4804
796
3477
2672
498
3491
8218
3989
9010
7560
4341
3707
8515
3364
5997
9488
1305
9487
7218
9857
1485
7482
9014
1375
308
9322
6051
7171
8957
1331
1787
3026
8248
9692
5205
9300
7813
829
6700
9727
2180
6344
2003
2097
3199
3775
4039
591
6449
9212
2691
5043
1005
3803
5268
1061
8271
5709
1925
6559
3817
2930
8836
7530
5737
2469
5324
5113
1610
1607
9401
2624
3202
3011
2702
1042
5828
4096
7257
4722
2365
2881
2995
4156
195
3938
2517
1419
5357
3149
9942
3800
3456
5219
4726
1421
517
9670
6684
372
9186
6507
9700
2193
6676
7048
1951
4931
8448
6575
6769
4590
4590
2187
6973
4809
1064
9963
7977
2809
1161
5594
8490
7203
9883
4490
8072
5822
3235
7402
5786
4223
3996
1847
8467
6720
4357
8770
4694
4366
8363
1803
616
1997
510
4856
1998
3801
1663
1735
7771
3103
5448
2222
3359
3548
9208
9657
5970
8811
5536
4463
520
2251
3171
7045
3941
6229
2181
7412
7399
6654
4600
2900
6584
9129
8765
8019
7399
4567
9167
8054
1823
9843
7475
7218
9475
7527
3551
2475
4444
6267
6541
7347
3672
4495
9144
1626
5177
7653
6727
4468
8140
5139
8348
580
7304
6382
3925
5064
9162
1564
8292
8669
3512
2773
2924
4612
5345
8516
4587
2567
2079
1721
8339
5896
1395
8066
4450
561
7823
7610
37
5535
7661
1036
8468
226
4102
7388
3943
5772
9088
5928
8974
5693
4511
6259
8455
331
5766
8356
1643
2664
4462
9834
2233
7397
3351
7813
5185
563
408
7806
7638
5028
7768
9504
9255
7166
7574
4678
652
4489
4343
8661
8746
2993
7446
4769
9258
349
3342
1620
4332
1559
3180
1281
1825
5456
3315
259
7658
4859
6449
4019
4751
8224
3705
4214
6900
1343
8395
3509
5633
1533
6762
9508
4681
1852
7486
3273
7576
7817
6350
8203
4546
1325
6532
855
6485
7676
1367
2692
443
9383
7134
7737
5489
3686
9380
4441
298
6525
4299
3522
7493
9315
2346
3550
7751
6441
823
1113
3972
3075
4686
5799
5949
817
9025
7691
4918
943
1280
6257
1094
250
7877
6068
8971
1499
9998
2626
611
1100
2387
8915
5649
1654
6158
283
2767
5369
9426
3050
8972
4704
1456
4049
4061
3918
1902
6870
3988
8049
5638
7540
4200
5768
2007
5896
3362
5788
8932
1193
2236
8132
8280
4765
9788
761
8900
5209
94
7963
3392
3780
5977
4951
3845
5970
1174
5802
6630
1126
7104
6844
1266
7704
191
4921
6900
203
351
4174
6563
4377
1970
7940
8671
3431
7809
130
9733
5577
5005
1049
6520
1344
4722
601
4032
9575
7906
4649
9243
8717
801
7325
1863
5291
6545
1410
6480
7082
3976
3636
9961
4066
8042
22
9820
3837
8198
8184
1861
7154
195
2822
9998
9275
9887
9003
5004
8286
638
6523
5580
5313
3392
9291
5139
5114
2008
6291
5400
7540
7022
5172
7598
7165
9173
739
3879
4875
5931
3120
1966
4771
8651
1525
686
5458
4695
2021
1520
3808
626
2870
6361
8382
1038
1028
4385
8849
1111
1393
4318
6095
1853
5554
2881
4886
1375
9289
1791
6480
3927
9114
7770
3265
1664
6902
8693
1345
5272
9538
128
2652
2628
6198
4232
2134
7873
1455
5687
5206
7564
2378
9009
3440
476
7784
6616
3929
8515
9637
8328
6263
3640
5166
2124
124
7644
5300
4369
9848
5215
2281
7413
7082
5764
3356
7071
111
8731
5596
1561
9703
2402
4685
2423
8851
6894
5110
4886
7061
48
1465
8360
5529
8146
7104
5706
5550
9917
627
4385
9935
385
7867
7872
6431
8113
7373
7221
9922
9042
2465
1696
7238
7744
1090
1895
2450
9138
6350
5375
3990
4958
7892
5653
5229
9220
3999
6446
5762
6858
329
4959
5801
6784
9665
5872
798
6196
5582
4787
9027
7178
550
4022
8940
8098
784
7161
8752
6194
7325
8092
3715
201
7527
9426
2794
3558
3760
9943
2343
8953
285
5772
4572
6916
3391
7848
4726
2657
9927
1392
645
121
5955
7338
5753
4078
7165
220
4131
451
6610
6125
4169
5089
8080
8106
6347
4399
3233
5588
8314
21
3702
2320
8873
512
4214
1422
6758
8626
1963
4092
9983
8719
7327
4599
4784
2461
9509
9505
1817
6416
2021
2626
4131
9015
6648
9578
5744
7870
9354
5547
4327
8923
5903
8386
4672
1638
4076
4191
1545
5366
3029
9230
2314
2021
2539
7587
7906
3694
6723
2995
5145
350
3902
9972
6951
6245
2662
5563
1037
5177
36
6524
5859
9978
6023
7150
9100
9441
4393
1792
1783
9107
6356
7299
1732
9091
479
1210
6660
1839
7742
9474
1443
9286
5408
8047
6570
7986
8869
3567
3659
1496
9809
694
4706
4840
1132
693
5075
3908
6021
7170
5768
4967
6350
5690
9085
4225
1060
4089
4530
1636
5171
5925
3624
6232
3723
9890
27
8652
9552
2064
6664
5474
6460
4734
2093
4122
7239
3680
473
7083
8404
9208
654
5096
442
5370
4732
9314
6492
4325
3080
1845
1521
2161
5241
9547
4211
1188
1773
1839
2027
6021
3026
4098
310
2925
4704
3094
867
9095
4618
9050
2835
3686
1600
8965
4436
634
1366
9681
4120
3324
2338
4489
5522
9352
5021
5312
1521
9284
6007
9034
7923
4648
8239
2122
6857
4337
5778
2568
4690
1091
4106
2343
4034
2081
383
4189
8404
2274
7875
5642
8239
2226
4624
2163
1909
4438
9784
9345
8451
1477
9354
3222
806
1786
8629
2462
9388
8343
7152
2957
4744
719
6580
3101
112
1139
2271
6273
3944
2459
9332
8821
8970
4033
6600
1911
2675
63
5134
6899
2529
2762
5000
456
6642
6574
6637
1957
1861
3040
2575
3496
3716
4683
8686
5072
7936
8623
7720
1779
1514
9766
1676
9490
6486
2675
8642
4565
1348
4686
374
1118
4118
1900
7969
1400
8344
5519
2267
1104
662
8193
9036
8609
958
9341
2325
187
5160
1470
1519
2729
3778
3277
9741
2929
8492
7537
6521
2804
2817
5466
3878
5602
1198
8376
6229
6958
8906
2743
2121
8778
4272
6199
7844
5678
2450
2681
8615
6289
3777
3887
9455
5093
9999
396
4196
1517
7341
3088
7101
6354
2700
175
9300
3957
6039
4331
9494
7719
8071
9073
8414
8188
9751
4213
3855
6280
1454
1358
6443
9680
1919
5467
9681
3850
9009
2712
7147
889
2369
8200
8823
499
910
2484
7958
8847
5316
4088
2797
3791
4376
1456
5123
9500
4885
696
8145
2425
7968
7381
4086
4313
7188
5227
6176
9330
6989
2678
1083
7170
1333
262
7682
8323
5972
1703
9385
3834
836
3564
9581
1597
3498
4015
3360
361
6924
7313
5169
8800
7639
4272
8287
7813
5251
621
2228
9818
6750
1908
6268
195
5829
8113
1020
2257
6155
4456
4356
8570
463
4819
2549
1554
4150
9089
382
4031
7182
1175
346
7997
1347
5315
589
6019
491
3274
8589
9178
997
7016
3561
6109
1388
1401
4887
4806
4807
3972
9918
166
8332
9727
1654
3898
4565
8641
857
9189
5704
4426
5743
6796
3905
1808
6255
5611
9567
667
4671
6591
4997
1369
3257
4783
4299
4941
5047
288
5708
3152
4433
9142
2288
5586
9844
4339
1476
8772
7816
9950
2102
505
3547
6713
6201
5376
2783
228
3450
4916
5749
5139
3570
8601
9268
2205
6817
1209
600
8825
2625
1346
4400
3539
866
5969
3813
7473
6097
6964
1502
8368
8128
6403
5987
7119
8333
1684
9141
3442
2374
2640
7164
3969
935
1010
9688
3650
4022
9081
2232
6967
8636
1750
8420
3725
4616
9932
842
8316
5129
8325
7427
5028
7054
626
6843
1512
4086
3079
7438
1550
5382
3189
9025
835
3928
6775
1501
6121
7493
6098
6933
1105
9649
6242
5863
5055
171
2771
1862
2118
9031
5913
3554
6084
6325
8443
5273
6092
9130
1004
5034
9679
1357
2904
7405
1554
9467
2558
6489
4432
787
8797
7006
5120
6590
5192
3047
3656
6248
2837
4146
8211
1938
8528
9179
7656
4683
2691
1890
1823
9273
8547
3028
5430
707
8048
401
1658
8633
9021
9614
3925
9945
8697
5289
8685
7187
6216
4023
9643
9084
2319
1136
8132
2561
7570
947
1035
9002
3422
9032
6913
3113
3083
1195
3390
4667
9665
6888
9971
2277
3493
3523
9566
1864
1983
166
6233
7592
9132
126
4906
5292
5529
2961
1061
4760
4860
5921
6852
7867
491
6426
5757
5340
8740
6192
7707
4127
1238
6305
8395
7234
5466
6328
3469
5898
6903
3157
2443
6626
8623
9690
5698
8576
1383
1596
9689
6853
7286
4408
6004
3628
2600
9796
2707
5193
549
4574
7282
6334
4284
4761
7627
6209
1633
3054
5431
2219
5538
2827
2669
5339
1751
7696
3583
7929
3894
9432
4911
6297
4530
6418
9375
1435
4881
3964
3491
424
6567
1099
5980
2316
532
4023
9471
5874
4489
7096
832
5971
6707
752
8231
7190
5764
2918
4754
8323
2354
2062
518
4716
4933
3837
4713
5905
9379
4170
9103
1896
7452
6631
3066
3185
976
7371
2985
1568
3582
2305
4556
7126
6898
287
9565
3078
8754
3758
9273
1554
1322
1075
1268
1462
3576
9440
6868
8331
9994
9898
8892
2461
4044
4958
1658
9845
6042
4096
8624
7394
2093
5407
8949
9702
7176
765
1746
1903
8754
6008
8526
723
2213
1475
4716
1315
2790
5419
1695
2859
5697
7217
3032
5891
2516
8991
2816
3365
2132
6088
6684
7641
1698
8104
7254
4044
4945
2232
1520
9838
4676
436
3027
1375
3666
6722
5964
7364
4042
7708
4686
1705
8427
3549
6569
5974
937
3531
2642
5763
3402
6952
363
410
6384
6104
618
3217
5473
4830
2159
8264
5765
4752
4147
7096
7637
2907
6928
1827
4209
3986
9147
7900
9171
1813
4649
8048
7678
3416
7871
3870
1697
3510
1049
8727
7616
8567
9387
8979
1354
6122
3852
828
2025
2096
3530
8893
3862
1501
9601
5167
593
7699
337
2107
7857
2045
7416
7684
6374
6711
2959
1455
9312
6462
8507
430
6620
9657
404
1125
842
1816
2478
8397
802
7123
7712
5890
2826
9712
4174
9851
8279
3222
3294
6879
7458
736
4911
1259
9882
9793
7197
5952
6126
8043
8017
8059
4987
5454
6952
1204
3641
4799
8680
3500
7141
3616
6135
3974
7474
2645
2315
9217
2815
4948
8279
7071
5466
2028
2228
9299
2558
2752
5151
4482
6019
9605
9595
5109
100
8051
4498
7106
4570
6060
4415
3877
8447
5976
1260
5671
7406
265
4896
5042
7305
3708
7570
4030
3715
3672
7841
584
3609
5882
3303
784
5197
1368
2446
8491
8328
3185
2431
3086
8090
6461
8443
818
601
5533
3687
5430
8459
6830
5020
932
9141
2865
3226
4532
7710
1197
4423
6733
456
1653
6076
3738
2055
2435
6553
8709
2079
2383
1648
3923
459
9842
9398
1965
5909
7940
951
2884
3350
8794
3442
3143
9348
3435
6319
1316
3929
4909
1164
2621
517
1566
6475
1166
6572
8303
9359
8312
2498
1091
9623
5
6154
2685
2456
4354
2679
5490
8170
1710
5691
7340
3864
621
5913
6493
2790
3121
4374
4604
1824
3514
1938
6156
8433
6941
4397
7225
5925
2018
4587
9913
1987
7912
6151
4677
3380
973
5781
3755
6746
3560
2300
984
5261
7692
3106
5872
6666
8966
7652
7311
6720
4727
2083
2020
9775
7330
565
6437
5664
8163
8802
9905
9872
4997
3941
9606
1486
1168
5109
5674
1245
9189
8584
9863
6034
7202
6345
6529
3165
7220
7128
4173
545
1705
8271
6512
9551
4998
5210
160
9711
8622
4078
4287
9498
7638
9269
1061
8521
7020
2111
3188
2427
7903
3145
7876
2785
3622
2011
4798
2254
1133
6471
3768
8030
6968
2165
6839
9818
8190
3378
794
2775
6321
3987
8754
5863
8692
3307
7088
8559
3844
3410
7460
5498
3360
8646
4233
3165
7009
4621
2643
692
2688
5220
4810
9803
2712
9455
4181
2991
6195
930
2645
3424
10000
2050
9390
9386
8800
6838
1200
8610
2193
2533
2243
9762
4649
4320
6843
4799
7332
6730
8973
7431
5520
4557
4947
9268
272
6693
9542
5270
2519
488
4972
7597
366
7978
6990
9721
9970
9264
3242
6432
6505
569
6758
7625
6245
6974
4301
9549
4862
5799
5272
3301
531
8160
7137
3670
743
7744
7396
8186
5566
8007
8489
7645
3783
2493
4002
2242
9400
985
2621
7282
8614
9524
3600
9586
5736
8693
8011
3819
254
3100
220
9767
44
8704
6597
1762
6680
3141
2703
44
2909
9829
3898
8135
9118
3171
9405
5434
4335
211
5969
3004
5041
1101
3761
8168
6837
9842
1245
3233
5511
5693
1590
5987
2337
4077
7611
5632
494
765
3796
975
9324
3627
4394
7446
9235
6110
5324
3438
2992
3549
3012
472
9400
6283
8684
339
2944
3546
6485
6160
6499
5239
3285
1302
9679
8569
6338
4897
8955
5563
2420
295
2047
3317
3442
33
5288
9100
2957
8200
260
19
2498
279
2513
4835
9728
8589
715
5582
8975
5814
9547
212
3611
6800
1804
1624
657
7331
4852
4082
6076
8162
3459
9891
4827
3572
9649
2065
1408
5419
6625
587
4157
9269
3831
9111
3521
8481
8040
8192
2609
6452
7998
9061
7014
8676
1382
5198
6840
7900
4700
2573
3955
1099
3423
9029
1800
8870
8205
318
7786
1909
1122
1780
1409
4723
6632
6083
6268
8048
9322
4765
3721
5394
7288
4937
2899
9702
9013
7492
480
6321
6715
1173
8297
8851
4066
1839
5896
3334
3960
7294
7301
9745
9272
8665
6916
6996
1842
7298
1964
5925
4833
279
490
9551
6766
2646
2931
7221
3578
3561
3840
2370
4144
5802
5135
9363
1200
2838
3639
9740
2133
2087
7935
7222
8423
8730
3214
9162
2830
1066
9465
7231
5037
374
20
9486
7354
6049
318
6602
6355
819
6251
4046
8313
6915
2655
100
6270
7089
3438
4857
5561
8999
1969
2507
661
8703
5344
6306
5938
4797
2923
7612
17
35
1900
521
817
7426
9326
8674
7749
1238
6254
5736
7461
244
8192
3515
5648
1650
9112
4850
6897
2018
1339
9582
554
5539
3431
7439
8204
8758
78
1669
5826
3678
5347
1751
5287
8838
9376
7444
8572
4336
4517
5115
2435
2895
7290
7636
211
3740
32
1445
2286
7110
7321
3752
3584
7325
3788
2058
1474
3610
700
2759
82
4363
1246
1068
552
4678
5111
6467
8087
7289
970
596
3823
7620
7661
6131
2932
9387
4053
8499
1529
7055
4356
7398
6884
123
435
5866
6864
2233
5487
5068
2409
1954
3200
6949
3836
3270
5679
275
6159
8885
3475
3092
8135
6399
4821
9119
8658
6056
7185
2269
3077
275
4380
2899
1693
3962
2023
5100
598
2621
7721
1353
5624
6513
1862
5330
1979
9700
7752
968
7608
4507
9837
1859
583
1552
7806
2047
353
2213
5672
8314
4293
2831
486
8332
9366
8064
7016
5181
729
4802
1824
256
9704
2091
6025
1142
7706
6898
4883
6201
9417
7643
88
6881
1653
1771
9225
9840
5425
6845
1602
8498
9412
2702
2845
6176
9196
63
8561
4643
144
9556
8746
6001
455
5098
8299
4522
612
7712
7112
9891
5657
2986
5881
5574
2481
1732
2217
710
2774
7638
6447
7011
4988
2268
5322
8715
7207
4347
7550
5407
6899
1754
6061
4232
3255
4958
4065
8187
1960
356
8690
478
12
5250
5145
5501
6759
8239
4359
2315
2830
5747
7507
1221
7712
3349
5111
6642
3666
9829
1556
5897
3500
9597
1934
4315
5844
4588
5498
3342
5105
6172
786
7257
5619
6768
1668
7840
7760
4402
401
8749
6984
170
7704
6612
9008
4057
6593
7942
1858
5686
6078
4378
346
664
1654
1372
4831
1415
472
8256
1468
6109
1258
1134
241
1937
8497
3405
207
7876
9011
4860
6107
8967
2353
5328
1997
3617
676
6784
9452
6990
9680
5459
1043
5304
4375
6009
9145
28
3373
8664
249
5727
5493
3392
2424
8871
6296
4111
4193
3524
5948
4067
6313
2831
3688
2254
1337
4861
2239
7195
1030
4802
5586
6924
2177
2636
7800
898
1517
7103
3576
8455
184
7508
7844
4104
2095
9603
885
1228
222
4490
3169
3620
6219
2839
2976
5776
8411
187
5855
2579
2776
3083
7288
6006
3269
6046
4670
9150
5755
2547
5204
2944
5464
2022
1904
8070
906
2114
7860
6126
7032
226
692
7651
5830
5308
5468
2597
7408
1766
1981
2978
1264
7095
9596
4327
4786
4139
4814
7680
2643
7792
1714
7300
4682
9024
3280
1940
9427
9261
2566
1571
9914
5139
3379
7344
7880
3964
5709
7799
2473
373
6184
1457
109
7262
2701
3555
9739
9537
2990
6342
2694
8610
6864
4741
2100
4142
9839
952
3478
7621
6696
9444
1299
4159
7638
5550
5929
7852
7693
3299
2206
1546
1402
1910
9603
538
801
7872
2958
4504
1014
1350
9253
8601
3260
3193
8859
6761
592
1333
6757
9118
6330
5129
2180
3513
2644
3457
3766
3077
793
9572
4637
1531
7929
1087
8232
1501
281
7223
7440
8575
9725
9152
2307
1538
2288
9511
734
921
3229
2756
651
6330
8315
7680
1564
4344
5018
8062
622
8385
5009
1042
6060
9740
2149
2370
6431
916
2052
7061
5789
6562
9034
7837
4503
8146
5451
2608
7429
3905
7355
9287
5499
8050
7787
924
7003
3314
8828
6175
9490
0
8191
3803
6458
2355
5569
3572
7078
4131
3025
4309
1828
3745
621
4879
2595
7575
2607
704
412
2138
7988
333
4675
5394
7517
9157
9862
1852
2185
3095
8084
5564
2131
7359
5597
8692
5155
8065
4792
7121
2382
3328
1218
1583
9648
4519
4660
7043
5349
6205
7677
6175
9260
231
4163
8727
5342
4320
9648
7288
1141
4205
1416
1017
6932
7849
4261
10
5403
5879
2248
1606
9731
5072
2953
1441
3690
6389
460
5513
2066
1480
2264
6324
4711
3912
6177
3486
9799
774
855
7627
9257
3381
5129
2732
8850
7483
6631
5310
8691
5313
2814
7828
7943
7165
8855
3563
2875
8188
6189
1788
2684
7850
7178
5327
5871
1670
6152
7523
3155
9453
4825
1716
7599
5352
1711
2996
9965
7904
5266
5180
4126
2086
3097
4398
3852
5386
7713
7319
212
8490
4818
2664
105
932
7434
5417
6304
7656
1345
3555
781
7680
643
6722
6374
9153
479
2556
8909
4369
2535
8910
7770
486
2430
5258
5030
2596
6829
7296
9585
881
2031
1247
3843
3568
8043
2875
1394
857
5907
7127
4324
5293
807
4632
633
6757
2939
9228
136
4486
5119
9269
1743
9155
5272
6767
4030
7286
4206
9669
6769
2005
1993
739
6742
8120
7491
4884
3591
9607
6343
4407
387
9523
6566
4022
1644
6272
5001
3477
1670
2806
9116
7634
9590
9143
4772
6997
5162
4950
5911
9962
718
7939
4245
8671
8088
949
5929
388
8242
7417
8366
8927
8626
9062
6281
299
5850
7851
7788
2704
4854
8439
1601
762
5800
2112
7433
5557
3981
9295
5185
1860
6786
7703
5923
9364
9745
7902
3698
1158
5776
9785
7594
32
2900
4575
8778
2104
7981
4551
9187
9116
1876
7469
443
9498
9637
6942
3213
4895
5588
762
5748
175
9424
5965
5556
9919
4323
7309
9059
9283
1494
2378
7028
5379
3442
9309
8564
483
5713
465
1952
5672
972
9537
2715
7707
8325
6924
6909
4155
4322
2721
9645
4191
5189
8435
4606
6156
8370
9777
5801
3238
3964
9494
3188
8285
2461
9601
568
3226
404
1798
6068
1354
9069
579
6502
8984
5745
8841
2331
4269
2554
8390
5997
3133
9969
3829
5919
2353
6623
4130
476
8034
1072
5395
2853
4397
5469
377
5772
6713
73
8038
6586
2853
8379
3932
7418
9535
7667
5796
7100
1366
1165
3950
2506
8867
9972
840
3284
5509
1602
5917
8630
7671
657
928
7141
9021
1369
8040
7196
6252
6909
2349
3635
2290
1728
8637
5412
8307
4183
5453
8176
269
4452
5362
4494
1317
1778
5536
2045
1465
6184
7810
3252
2480
7631
5331
6017
481
4555
9938
2345
3661
7875
8431
8169
9770
9742
8404
4604
7656
4489
6616
9570
5815
1569
8463
6870
5912
1988
7436
9702
5964
5062
5607
1490
7455
1593
6051
953
6884
3262
3075
9763
5659
2245
8252
9944
3198
5663
2107
6228
3429
1310
2947
3164
2736
8616
5480
2236
6490
1535
9945
6446
7417
3119
4042
8952
3601
7634
1603
3136
9739
4087
3201
1709
9867
8540
754
4321
1700
7912
5159
2195
3493
9661
5546
228
4800
9745
7982
9160
4477
7760
1137
9794
360
2091
5244
9721
1312
9926
7961
2822
5202
8430
3480
5277
4280
8698
6019
5480
6318
6879
2413
4370
8650
7577
1114
5433
1287
9937
6709
442
8551
5468
6755
4165
4054
4497
7543
6712
1645
9629
552
972
1118
4008
5653
6133
7427
7979
6747
9769
9867
3122
3480
3760
3819
3187
9287
1886
5008
969
8460
1034
5029
6042
1853
1449
6172
7937
1817
3670
5913
9888
6429
7878
2985
1763
7250
1014
6467
6991
9233
2379
149
861
1056
3570
7926
4584
2330
4670
3602
6008
4618
5975
738
3154
8974
6388
7291
3366
9112
1421
988
7628
294
9654
6636
5230
4298
505
3053
3616
2885
4479
4985
8526
4341
8599
9514
9312
3473
6559
4594
4243
5244
9799
6966
7983
3307
2176
4789
6645
3389
9953
9354
2508
3032
2142
9688
5114
4229
9845
2622
6460
4069
7220
1820
3818
1564
8671
5381
1335
5768
7588
2051
7895
788
3051
8877
3454
4201
4989
2966
5123
9324
7634
8721
4504
9726
342
2744
9938
9178
435
675
9099
6416
3932
1271
5870
4916
5126
1863
1821
3476
3450
2905
9310
481
8826
5482
2626
2707
3993
3645
2096
7437
59
3704
3715
8554
7186
8629
1680
9117
4104
9949
5059
5020
6044
3340
7444
3874
8934
3639
9302
9782
7243
4604
3519
6473
6784
659
9127
9154
6668
4564
1054
9458
369
5546
5449
8020
8888
7659
1458
8259
4818
5959
470
6544
4870
8382
8121
3278
6352
5308
5651
4374
2273
2918
490
9270
4100
347
8051
4790
4129
7708
475
851
2818
4502
6270
6745
6293
4835
4262
4372
599
9258
3723
1311
2339
3006
3606
7409
7423
3659
4472
7602
5783
6581
4931
334
8073
4254
4208
7082
9882
6646
6843
6536
9458
4913
4377
5845
2612
1433
8085
6728
43
4663
5720
4413
636
3248
626
2729
5457
2880
3514
8291
834
214
9851
6348
9011
9845
2389
7202
5725
6463
8853
4643
3485
378
6103
9699
8199
3170
6656
4227
7539
3155
7430
548
1785
6849
4849
6895
2138
9678
6126
6674
9789
7830
8252
821
2542
2477
8598
5168
9070
3943
8595
6673
9991
5770
5783
4010
4768
8446
3025
7772
9848
9215
4044
1
3027
3879
4560
3873
4626
3653
7173
4667
723
4597
1686
6312
4750
2542
8888
765
5516
8627
6067
2913
3679
9195
6310
6750
9116
6581
1003
5481
8399
7751
1784
797
1319
6763
2492
3191
1485
7540
5904
7323
8808
2829
1182
1063
6998
6396
6059
9298
4163
2556
8415
3990
774
628
5094
1935
1333
8461
9283
3662
642
1664
2464
5248
6702
1443
4105
7175
1466
4911
2857
2141
1626
3093
9253
6613
385
9242
4774
9005
5906
3221
3763
4187
7929
5865
4132
2376
5514
4556
6301
5759
9604
7401
7076
4743
7004
9830
4199
9682
1935
4086
4882
9042
5489
4639
9688
6133
1816
2983
232
4707
8080
6748
3199
3889
9332
4579
3035
8183
4413
2786
6952
7921
7769
3830
4064
3781
8601
2454
815
8736
1729
5006
5559
9340
3983
1175
3323
8329
2337
9574
7441
786
1961
3986
346
5816
7191
7200
5172
2005
4449
7821
7535
3384
5484
9727
9395
1904
6387
9769
2877
5832
3822
8824
4713
7845
6852
9794
1414
3152
7866
1982
6945
1653
6754
8968
5275
2795
9740
3515
1889
1126
4494
5059
6244
3839
3875
7693
2176
6380
9305
9830
3001
3301
8394
768
185
575
1343
5421
5607
9179
2603
9822
955
4271
4605
7937
7836
9414
639
9829
7259
56
4143
7428
644
8067
9643
9027
980
8550
2142
5688
8296
3425
9264
425
5465
9451
1396
2547
7546
9692
3145
8931
3571
8656
6998
2691
7694
8092
4129
9542
1150
9681
7781
4437
1775
7825
8245
584
5990
2618
4393
4941
2171
5525
4987
8232
5488
9350
2274
6073
5830
3159
2182
8112
2078
504
413
2595
2758
4674
2598
2463
1217
263
4919
7427
3817
1875
3944
7032
139
5272
377
6654
1639
3752
7723
7697
2262
1969
7242
7619
974
6786
7213
9630
7959
5698
1957
6288
9171
977
7482
1445
3964
2025
4610
3405
571
279
22
2208
8648
8927
8464
7000
3158
1875
1898
209
113
5631
804
1845
4738
7837
8046
2457
5775
9210
3435
5451
9906
7505
6950
2422
6270
6016
5753
27
9933
5357
8613
8120
9762
4008
9789
1830
966
6598
2036
9058
3956
725
7629
5347
9303
2433
8641
3574
8284
6745
3520
5297
8908
3398
9828
7482
3283
6248
7472
1373
8856
3885
5799
1949
3323
9692
5407
5823
9186
981
5039
5515
8518
6281
8185
2162
7202
2575
8091
4276
8829
855
9373
3801
1710
9901
6588
5616
2923
6940
5657
1900
7516
3637
1960
5316
1650
5287
8231
7248
4704
1628
9144
7415
5578
785
6487
8161
3920
8887
7486
3745
8834
8641
3711
6316
9552
3007
3317
5840
2890
7076
1275
5906
7137
9166
6553
8190
4387
9755
9672
389
8139
4776
7011
7686
2270
2921
404
2639
6080
4531
4863
3430
4208
4713
5691
1925
9760
8709
3538
8105
3225
9256
354
8989
6211
5790
2626
3786
7886
6264
3517
497
3534
7964
491
3237
9428
4152
1896
5431
5554
6163
8463
9400
868
3766
538
5047
6822
8113
6963
7545
5484
3569
8649
4321
3514
6046
413
7145
3707
5802
1347
6725
1875
2440
955
6757
789
3391
6617
4800
4330
1272
3363
450
3519
286
3164
736
1759
881
5981
232
9447
6925
9128
1684
6036
2100
9864
5573
8564
1638
7957
720
7615
1087
6512
6956
5835
967
5362
1736
4836
382
6257
4280
8877
159
4438
2702
53
5846
6720
5010
1543
1676
9474
2008
1802
8084
8030
2844
9450
2187
9473
2051
182
2535
9255
9620
9373
9937
3570
998
1416
5269
4224
8647
745
1664
5024
1196
9353
6254
3333
7355
9066
4838
4261
2847
6002
3560
487
647
9180
1762
1844
1027
6372
9808
1052
1699
8478
7382
8409
2043
5271
4192
6324
8023
677
3663
4341
1535
1618
4705
5849
4062
4340
5573
8654
9888
7304
9739
9767
6726
4631
6639
8754
6833
5200
2903
720
9727
7359
7974
81
505
9002
2725
8582
1927
9901
4185
4266
8681
3863
483
5134
8108
9917
7326
2702
8066
1338
7102
756
8740
5630
3805
2392
2754
2900
1520
9638
7636
9187
6720
6456
9474
9356
4272
1454
7750
9264
6902
553
1622
6205
2008
9770
6734
7988
5172
2025
4700
4454
4105
9847
760
6487
2228
782
2455
8942
410
8069
1366
2515
1799
3091
208
7132
5492
9622
4428
5307
173
5830
5637
95
3658
6675
9645
9912
9100
8108
7476
2493
5427
9691
3673
9802
2890
3161
6859
6552
6848
4067
8912
2960
168
5767
4829
917
2385
6970
6290
6458
201
1119
7947
2610
1570
427
1873
5062
5355
9240
2194
2545
7095
7188
7987
3514
7959
6483
9147
6348
5662
7389
3845
2548
1481
685
8928
946
6608
1670
1198
2886
4603
2186
205
4453
9642
4056
2245
5571
7020
3443
2860
9664
5356
9148
8
4947
5471
9192
3346
9957
561
2891
7560
9425
5925
6397
2195
5005
4037
9969
3934
3248
9320
2943
9027
9877
3156
8344
9131
6405
4488
2863
6621
4156
1703
6261
6758
7940
4442
8216
7501
1903
8661
136
8238
7978
1833
7073
6791
5180
1600
2173
3127
5789
8944
5063
662
4199
9893
3578
7146
7892
6706
7368
6987
9308
5295
2608
9314
5681
4637
9441
1738
7069
8440
1551
4269
4435
9168
4523
9299
4696
6248
4547
330
8085
4059
7629
2691
9224
5021
8631
6030
7831
767
6466
2343
6847
1191
35
617
8448
4013
6356
8928
1286
3358
3393
8954
7378
9699
8635
8526
6873
8384
7704
8739
6610
7293
2079
1358
2264
5025
3875
5689
731
7880
4901
2108
6068
4454
1723
4654
4364
9265
2753
9779
884
9930
2417
423
8306
2385
7257
6298
8855
9532
9418
3933
7541
5604
5948
913
5270
9980
5317
5489
869
3651
8921
7956
4864
5901
8355
1799
5707
2575
3343
4540
1114
5264
4703
4820
809
4089
1803
7538
1368
7863
1961
9035
1403
812
5666
9160
7155
4662
7967
2672
4004
9096
4073
2839
9070
6957
1679
1979
9024
469
7764
7171
4588
3659
7068
8549
1828
4892
8867
8029
2202
224
3771
