40
7267
5889
8720
115
9438
458
1350
8757
3326
3785
8214
5333
9254
4195
1757
5304
5083
8868
4620
6377
5942
5819
1449
6309
1424
821
5206
8582
6171
6992
9919
2127
3251
5749
5291
4174
2893
625
4095
7037
8796
7726
1300
7435
9195
742
8498
9892
2329
384
7718
6366
9336
7389
3411
166
5740
550
4198
1905
5212
8058
2470
2335
1085
5677
4828
9075
8872
8502
5805
9610
1510
4220
227
8160
5665
2504
2442
6199
8111
7290
7373
5219
650
3154
2212
1376
2629
3819
8828
142
3747
5057
7223
9021
9435
899
8836
5675
7123
2867
7138
8883
2790
7667
1619
4412
2272
5139
7119
9626
6632
6096
7617
4044
4168
3394
8636
2569
9772
4744
4153
71
9843
283
3996
2139
9159
4581
5082
4652
8533
4086
7150
7491
7131
7505
9794
7739
7869
2101
8154
2999
6988
9744
5027
790
5
6994
3632
9876
813
1762
6084
2019
2322
3524
3969
4782
2761
3916
1451
3773
6261
2451
3289
649
284
2744
5066
6864
3980
3924
535
6375
7025
2335
869
6199
4662
3725
4485
935
1960
8622
4044
153
2986
1899
4946
55
8335
4242
1043
6138
1196
4679
4636
9317
3746
9424
3954
8591
8840
3279
872
1569
3592
192
8818
441
8793
4188
903
9183
8505
4086
6480
1125
1931
3729
739
8831
4468
9597
8733
2534
1442
9127
205
7910
421
8209
4462
5352
2834
8187
4262
1578
4290
1387
9208
7823
4760
9736
9427
1469
8709
8104
2386
4370
9819
1202
7910
6601
2482
9488
8634
9842
9161
8826
2499
1307
3906
6977
6335
7840
3413
2271
2688
6466
2425
7451
9625
5102
7791
9209
5592
1895
7184
6909
4239
1621
3265
7214
5160
972
7309
2651
4100
8890
5639
8904
6611
5542
4749
5005
22
5564
8129
2254
2119
1595
210
8913
9723
335
352
2606
4201
4194
2450
4175
3589
3924
2531
2166
7712
9931
4556
393
5869
8401
7851
9553
4367
1716
7585
3909
4830
9197
6721
6792
3630
5346
442
3589
750
8935
4872
3379
3416
7815
3695
7653
6983
1785
727
556
7008
564
6168
4819
6148
2112
8590
9331
2368
8778
6136
4410
6016
3896
7149
7753
6170
3154
9799
4686
5643
2652
7935
9323
8234
4849
1869
2101
908
7846
8460
378
9998
4723
2090
4062
3405
7442
5516
1241
3946
9371
5205
5508
2981
709
2142
692
4327
1679
9119
7354
9497
7048
4904
1464
802
2210
675
5748
222
1162
7276
7869
2779
8806
1955
6229
552
9359
8034
5052
8381
2083
2944
713
1782
2166
3135
94
6129
2215
4382
9944
1896
7599
3361
3455
4478
6374
124
7723
2124
351
7759
2728
6333
3514
3865
6157
3633
2912
9635
4592
206
9161
8042
6927
8865
2635
9862
1605
2154
8481
8808
231
1696
472
7149
7224
438
2134
5919
481
4990
4378
3407
7266
9120
8685
6452
3460
8560
7489
9936
3779
231
3251
1770
7595
1457
7563
945
4395
6298
3772
8015
3892
3911
8877
7587
6749
2036
9508
8422
2117
9716
7156
7615
2746
6717
332
2351
1894
385
3929
9520
144
476
3353
4047
7966
2819
6398
9860
8833
1768
8977
9454
5207
8026
43
193
9647
8360
4632
331
4963
9727
5609
3329
1399
6494
3002
5530
7955
6804
286
6754
2053
420
945
6825
3098
9889
1500
3739
9754
1250
907
8974
5587
3416
4162
5412
317
4686
378
7416
9892
2618
2919
259
8972
8170
7742
3677
7389
4649
9468
1441
19
3696
6689
560
9967
2353
8459
7653
2339
5723
8969
4438
4821
5046
7160
1668
3877
4432
7002
2722
6372
1595
9154
3687
515
4336
6640
7597
4499
7066
1104
7745
8013
8559
3397
1936
3478
8681
4059
7710
5137
9034
9669
1652
8127
1816
3468
8900
5155
3831
7203
804
2760
2658
9029
7540
5995
6038
7836
6521
9731
8745
6898
9848
4992
8639
5965
1564
7188
3919
1614
2758
940
7135
2766
4852
5792
3390
5658
2172
8469
7031
776
1404
8366
3268
5707
5893
5506
5509
3063
1450
9869
7910
2276
1991
1714
511
8176
2892
5376
8136
7763
4020
2574
7977
1854
9820
2727
5593
1452
9430
6220
9580
4028
9256
5292
3881
4774
4476
2913
4249
6490
8821
8530
9758
3489
4682
4522
905
760
839
1235
7615
1717
7730
9776
7000
5884
1352
9324
5403
4996
4064
3558
9645
8918
5019
4535
3228
9358
5847
9643
575
3540
7972
3249
1587
6134
3394
7571
3681
9815
7361
7129
9612
8786
2421
729
2201
6743
7524
1599
4702
9048
7123
1584
3073
9668
1347
5501
8470
2279
5777
8928
5381
3786
5414
6776
2684
3884
6296
2169
4853
1879
7521
1804
1915
1635
1435
3315
2349
8417
7141
5430
3238
3438
9295
6051
3941
734
408
4078
7858
3877
9513
318
8420
9358
3173
6750
6524
5697
4505
403
1857
1593
3389
6473
9956
5834
1175
9938
144
5864
3192
3740
8223
8367
7820
7995
6616
8041
9902
1155
9196
6870
2590
4349
1003
2745
6648
3815
8816
5939
8684
9428
9438
1925
6001
7281
438
5282
4439
3949
2456
3641
4777
4269
9046
2436
5875
3057
664
325
910
2613
1943
8651
6112
4340
3118
5005
5330
3052
1455
3753
9197
8093
9371
4692
6341
6947
4388
3912
3046
505
1406
2432
7825
3
2435
5306
7152
2032
7928
9185
3041
9913
4919
9276
9984
6293
5600
8495
127
6530
6304
9876
4896
8492
449
896
5657
4518
9897
7503
1414
2310
1923
9015
1739
6644
3729
245
6264
9788
396
4504
1278
2084
1524
8348
1002
8555
1411
1246
1215
8911
7126
7556
3734
5999
5145
5721
6967
9254
1372
1472
8439
1232
212
548
1781
6554
3914
3079
661
7099
8463
5935
8271
536
5921
6864
672
2600
5357
7110
5956
278
6735
8289
3993
7297
2628
9833
5631
908
2406
4049
692
6427
8484
9136
9790
7490
3999
878
9861
5690
292
4179
4305
1752
4597
4325
9060
469
7759
1544
7376
8748
5345
1809
1104
6160
1827
4513
3009
8359
1001
5292
7320
3352
4298
8811
9306
9667
3314
1767
4860
399
7116
3445
2935
182
2585
2781
2984
4718
5922
1274
8065
100
188
5498
2698
887
3621
2861
9894
3749
7138
6499
2649
4247
9935
4330
2734
3604
9042
4186
7974
5006
9049
6724
4604
7354
9944
9673
9090
8274
9829
7388
6189
3649
3734
5664
1729
1392
5300
5259
4880
3207
1988
8518
7614
9858
7836
9285
5222
4971
4325
5001
3372
5426
3418
8116
7584
7761
689
9853
2671
7036
7616
1670
2851
9943
6812
2886
703
2519
6110
847
3733
3779
2461
4482
3333
1241
5874
2481
3328
7062
7377
6764
2774
9710
7070
5256
8584
5626
1315
3498
4145
4482
1885
8462
7511
9777
7992
1067
2407
2611
3266
7392
2132
9295
6503
3555
7838
6418
8993
2515
4173
41
8829
1182
1725
2296
5683
8504
2264
5947
7672
5928
1750
8497
120
8625
3151
6292
9102
3769
9697
4213
7621
7742
6012
5149
2224
6611
6657
8622
5235
1009
5238
7463
6795
4531
9527
8458
9236
4863
3778
3281
4816
6939
9106
6245
922
5785
1195
4973
5079
263
8494
6867
9322
2836
3199
2136
8622
6847
8091
5554
2172
7658
1803
4156
1368
2800
180
4972
2688
9228
9298
249
6305
7642
3044
3293
4347
793
698
3743
9647
7036
9995
8298
3898
4762
2483
51
2794
1561
1121
3857
3548
877
5878
7266
4810
7375
9764
9154
1730
9659
5901
9090
2052
6344
3782
946
4562
5490
5730
6800
7746
8696
4527
4565
9331
8856
4622
5747
136
5038
3480
8246
5530
741
6953
5849
9020
8626
6280
322
4211
4239
705
2635
1229
6283
1936
5479
7817
6184
3942
2395
6176
2716
8195
5905
915
8706
8606
6257
1675
670
9773
732
1606
956
4351
482
6289
9948
9884
8611
4976
2995
9424
8572
6603
936
4226
2912
7888
1354
6372
4996
4050
7991
8172
5379
5722
5396
4664
5796
7475
3940
8211
4592
9769
9038
298
9758
8179
4113
4653
743
2397
2695
1996
50
1235
4703
1978
8383
4198
3849
3803
5440
8303
578
3843
7646
5463
244
8547
3398
2049
8835
9080
2778
8240
8021
1191
7028
8092
9143
8062
6950
4227
9150
4335
159
813
7305
476
3117
7452
433
7611
6746
9031
8159
4960
5241
5312
704
9968
3715
9027
9810
7576
5763
4628
3035
8273
1581
6732
9847
3732
721
6161
1623
2178
4506
4594
6359
2824
3385
5497
1986
7181
6849
1344
5736
1360
8544
5316
4150
6597
998
896
8416
6025
4067
119
2495
5331
7814
1658
3149
4653
2532
608
3104
6590
6777
5073
9050
2178
5895
5455
7771
2541
3960
7614
7302
9417
3001
7669
5027
4697
6919
7005
4410
5506
8507
7515
1082
9709
5166
9576
6748
8699
7101
1202
2963
4046
9040
4071
803
9299
4715
1868
9924
4832
8919
5846
3770
9412
2689
5662
2220
1240
8464
6053
6604
4431
4261
5501
8301
1230
7620
2545
671
3772
7403
480
4846
1220
9362
4263
9592
7814
7425
3033
1038
3686
7069
2660
849
2014
1118
9084
6011
5390
3936
818
5765
3419
7281
8809
4908
5441
3936
5312
6471
7847
3258
9972
7138
6195
1906
329
8195
8809
727
6287
6828
5626
9654
9929
7906
6425
9021
394
9650
9687
8746
8381
9636
955
3227
7737
9923
2242
1434
126
5042
5752
9110
6312
6316
6768
184
4736
3261
5743
6431
6615
64
2673
9642
7851
4824
7777
6145
4216
7140
4079
1895
9672
8041
9094
4957
9512
3019
4044
9356
2017
3110
140
1357
5736
5838
2642
1240
3236
2692
2572
5070
9095
8833
8284
1556
892
3401
285
3465
8471
9380
1825
4414
6129
8977
6922
8747
1360
962
4948
7279
8545
7579
5580
5053
8740
9279
6703
3729
9718
5073
9991
4749
3807
8573
9581
2018
2412
5219
5099
2745
8638
5408
3779
4004
5046
7896
6387
5365
7353
8306
4261
6216
3593
3130
2969
382
7231
6598
3884
8861
9092
1036
8147
8529
8106
6467
46
9733
3152
1990
9274
7218
6014
3329
5788
5432
1032
7989
7974
1966
1287
7981
6512
2044
9148
1003
8881
6817
9977
6551
199
317
787
6369
3120
3907
8285
2645
4882
236
4143
9453
4264
5946
2445
7327
7812
6567
7535
9014
3292
9072
8130
8775
376
6517
423
6634
1751
5041
6577
485
1584
1524
6752
5153
9247
3573
563
2622
1609
9375
1778
1153
7633
5862
8547
7452
7917
1388
4370
9612
2806
7176
3714
290
6507
6072
5822
3259
3832
7092
7569
7336
1706
9438
5191
5081
9469
1539
3245
628
173
695
1712
4957
1542
8313
2192
1680
4993
5714
5688
3323
9905
9242
5821
3150
2003
3432
9292
4626
6813
2955
8816
4730
5657
1611
9228
2685
5756
801
8009
9621
7204
8006
4868
6647
2813
8002
79
8204
703
1692
2523
2346
7852
7191
9714
1079
8381
8373
7820
622
4119
1702
9362
9984
7786
6516
8221
1471
8072
4043
4676
8329
6630
6761
3809
8485
5563
6621
7644
7774
9913
4324
652
9648
9097
9077
5745
1057
4042
148
7997
9245
9188
952
5484
6872
8017
1042
1995
2975
7377
4092
8872
5067
6141
2617
1775
3122
4988
9577
9786
6872
6034
1039
3508
20
1587
533
2120
4107
9885
6323
8640
4635
4835
4587
4074
6248
8157
1403
7236
4107
2974
8419
9588
8315
6970
633
4144
4352
8374
1015
4097
5597
6272
6905
3023
4150
769
3263
6345
7639
378
9857
4269
4588
5270
3252
1686
2104
6355
4504
6843
446
9901
7644
9749
4554
2096
7352
3985
3105
6996
3249
2737
4833
5724
6387
845
9082
4780
9434
935
2058
3489
231
6861
7457
7674
9237
8509
2537
9155
107
7858
5245
7399
7013
1697
1085
3001
8246
5057
9943
8693
1048
2448
7573
2325
5182
4946
5040
356
3367
5692
5675
3035
6362
8578
3723
2894
999
4366
3956
6991
356
6403
6967
8646
9641
5648
9720
1411
7060
4974
1451
1956
2985
7564
4016
6367
9456
9015
1396
4544
1403
2799
5653
4310
9839
1279
6306
878
2063
7566
911
725
5036
3560
5623
9624
169
894
5930
6719
4811
4596
4319
2151
2320
3214
9145
803
2489
7522
4682
4326
5129
4340
8535
8016
9528
3232
5249
2598
6105
2658
9337
9138
5611
1414
6324
1497
260
9992
2724
214
8521
4117
7775
810
9295
6786
8039
9441
4652
8747
4191
7475
4954
6213
1092
4888
3507
3747
3409
4642
9596
5972
5879
6971
5308
4185
5575
3771
5837
6136
199
8786
9580
3435
7733
4079
4422
9104
1355
507
834
3180
3196
1544
2247
3049
7977
5573
7117
6702
2435
534
7596
6371
8057
7508
266
5035
7470
8126
5031
7433
1527
9989
4598
7359
7306
2231
2742
4973
522
1413
6478
9537
7408
6751
1569
1796
5575
8657
2941
5756
3900
5469
3338
6318
6623
1962
341
809
4422
8025
6446
1915
2724
7541
7980
5521
7121
6931
3535
7852
1922
2398
2489
6601
6087
9622
3487
2878
5198
6783
8685
7743
4993
7728
6677
5604
4708
7160
4030
1691
8485
9420
6637
4100
6984
3501
2234
7388
4365
2942
3710
1638
6003
3218
5595
732
4998
2949
2363
722
9793
7726
1818
1664
4121
3162
2249
9975
950
7663
8363
759
7985
9286
4358
7200
907
4446
9514
1916
6533
8760
8014
9835
2437
6840
569
8617
7505
9655
6587
1335
4360
3143
2171
6086
2848
2689
9276
8484
6488
75
2923
4152
945
2531
6657
2502
6252
8292
874
4382
9339
2983
2288
3305
4419
4065
8660
7745
3445
3525
2618
9923
6469
7615
3373
778
238
3763
1237
4222
5596
9025
9600
7205
5611
6862
3258
3106
5399
6688
8216
295
5694
8
3467
8735
8274
410
83
5777
5785
4339
4611
1560
8961
666
6526
9636
1832
9823
9078
5472
437
5150
7159
2051
6517
1078
6130
2951
7395
2705
7111
6164
9485
5513
3301
9687
6718
2897
809
561
5933
6810
9435
2842
9696
8499
5102
8813
5846
2026
8368
9933
6857
8884
5680
7036
3635
4690
3335
2238
7774
1816
7044
8852
623
2641
367
3593
7004
4035
2246
384
7010
5170
3
1798
7003
9250
7934
5307
5464
3868
9175
5239
3613
3900
3420
7142
7171
3949
5062
6050
6209
7431
9807
378
8068
2497
2278
8320
5342
571
6757
2611
6883
963
3853
4229
8534
4800
8966
69
8165
9004
9074
8529
115
81
1793
2454
2214
7951
6766
3060
2163
8338
6758
9740
9212
6412
2985
6866
4538
2144
3671
4983
4787
5425
8677
3440
2638
9563
5598
5588
3435
8424
798
3184
5749
730
2738
6511
5237
6238
152
2510
6587
5604
3767
9182
4008
9246
3091
5602
4778
7610
2367
8939
5709
5630
1360
8970
4810
1143
8851
4332
565
71
5481
9
7561
9336
9069
1669
864
8661
113
122
9933
3302
3355
9760
3052
2709
1238
7381
1430
3300
5979
4762
58
6192
9104
7692
5091
8235
1267
9070
4046
7933
7693
2724
8858
6037
3090
5278
496
8429
7498
1674
9687
455
7005
8287
7229
1138
8868
7052
7507
2188
1801
3072
986
5403
2777
647
5297
1912
3128
324
6323
4686
1727
2473
6310
2368
7498
4223
2327
3977
6887
1359
751
8916
2404
4049
2730
9496
4821
9828
4404
1228
7087
8242
9614
1056
9054
7747
8975
2939
1447
4403
4794
141
1969
3854
7824
4323
1400
4564
6533
909
9125
5188
8359
5215
617
6116
8617
9524
8470
332
2490
5510
6128
3119
9235
8895
5739
6021
3300
2348
7859
3948
5755
3316
1599
9431
7181
8956
2490
4318
8824
7990
3073
5264
6864
9937
3113
4934
2921
7089
2264
863
5935
3977
2757
558
707
2971
9137
10000
3441
1515
7248
2771
600
4875
1781
6656
3880
7463
3586
3480
5733
3570
6107
1335
9981
7590
5001
5465
6022
1229
8187
3951
8272
5504
1258
3281
685
6483
4392
6872
2380
412
1993
8271
3151
4659
2097
2010
2998
2379
7033
4602
561
5252
2301
4663
5025
7404
2091
2337
6939
4158
4719
842
9478
1369
6515
4829
2725
4519
9017
4933
1295
2731
2244
2299
7191
6555
6767
9066
9431
5738
5554
4164
698
118
2483
6273
6515
9572
5047
2317
6012
7012
5076
9544
2947
2528
2244
6916
1702
9949
1488
2446
9362
9670
6061
5652
1689
6319
497
2674
7719
1667
8993
6924
6056
9127
6995
7188
1329
4169
5331
1114
2388
8579
4434
3144
4603
2226
7499
4217
6820
9773
1924
2750
6264
11
4916
2586
6918
9932
3097
9678
8100
5257
524
441
3606
7823
2431
988
7091
498
4085
6960
4976
880
5405
722
7814
4759
1636
1918
6612
8527
4057
9407
4197
4547
4066
7723
5495
1521
4927
1823
2128
9626
7498
5011
4528
8086
6351
4635
1423
2694
4857
8854
7162
8690
4357
9489
4174
3255
3606
712
5740
3919
3153
8953
3230
872
8991
4682
3229
1863
4220
2901
3347
1836
8671
103
1272
1945
2049
1557
8724
7437
2566
9560
7985
3754
4764
9343
5000
4867
6785
296
1748
3676
711
1526
4193
1784
3172
9777
4889
5679
5206
5471
4160
108
6867
2945
156
5014
4667
9543
9651
5771
8075
8232
2072
6734
129
3964
871
5344
1162
9308
2600
8234
2868
6665
1233
2314
6859
9727
4004
85
3635
4756
2399
4220
9901
4230
6854
3739
7905
8249
3797
9575
8268
6228
3659
6434
7239
3978
7016
871
4530
1290
9562
6207
1746
8762
6875
399
9961
3386
1134
7667
8066
6710
5529
8915
4955
5579
2203
5502
4732
8854
4027
1023
1711
2817
5987
6420
7010
4411
6485
7289
3920
7313
7484
1943
5044
1155
5815
7759
6067
4731
9888
1518
5959
8095
4202
4820
5728
8064
5622
1771
267
5995
7249
6224
197
2713
7261
965
2262
2836
112
309
8469
7114
8939
3641
7669
7005
5554
550
4573
7945
6152
9772
627
7545
80
4924
9362
9606
4439
8289
9984
452
5175
1159
3909
3726
3615
1199
4774
8003
4156
4454
8065
9935
1441
3281
541
4995
4893
5667
3913
6144
9927
6465
9452
3008
2066
9473
9145
1907
2234
7250
754
488
3433
5668
3375
2231
9390
5215
6496
4980
2024
8935
347
2039
3722
4270
2770
611
910
5915
9845
2563
5205
1033
4628
2328
3597
7742
278
8455
9210
1140
5138
3455
9331
3083
5169
7372
8512
7955
7995
7474
7582
1991
8631
6663
4288
2439
21
9126
7054
6076
6098
1099
1871
3956
1100
4155
3323
3335
6183
880
4982
3697
6353
6648
9983
428
6612
7492
3269
7134
9724
6176
4858
8005
2974
5604
2825
3369
2718
6610
9355
3915
6633
5314
568
7179
5177
9358
5171
6262
2138
6737
949
3288
7363
7493
4729
3400
9391
9994
3936
7597
4826
5011
6746
9596
9085
6864
7316
4612
1497
54
3682
40
6904
8453
5469
8508
8563
3776
1331
4362
2641
1855
6256
1879
7971
6885
8039
5782
6947
492
8426
75
7001
381
5813
6935
5889
9453
8698
9201
8941
1286
9707
2161
2741
1441
690
712
5994
1998
2885
8982
8959
3799
8739
5281
271
1
4705
4853
812
8601
4262
5665
5612
2238
4949
8289
8685
2326
7938
8624
157
7737
1711
9999
8191
1080
1034
7087
1099
6947
6083
3228
2428
5096
6195
5139
2455
2955
7626
9053
409
7398
9318
2029
7760
1315
3595
3224
3135
142
2829
74
9151
3209
3351
5843
2754
8842
4366
6691
5949
6992
752
3629
2266
6307
3941
1612
5377
5242
6824
718
1451
3666
5118
9771
3078
1482
9870
9633
4007
2999
9903
1113
2935
2706
5759
5470
6745
3127
582
4823
5313
6824
2955
1473
7698
6266
8506
5836
7715
873
3133
6197
5460
8593
8423
7022
1328
233
974
6146
2419
3416
3649
6355
7757
5021
9909
8759
560
8521
2945
5368
7401
6637
1143
9372
6527
3219
9857
6384
5937
9101
8491
4348
5300
5204
6945
5672
4510
8858
550
1385
1038
5619
7080
2250
1885
7399
8865
322
6670
534
179
898
7933
9881
4758
7136
3845
4024
8910
3489
304
7440
2441
5197
203
3693
2606
8815
9833
1802
9521
1553
9881
213
1859
6235
8093
8963
6725
8808
939
2516
8910
5418
6357
7914
2709
7701
5070
5042
5259
4050
8977
3388
8135
7161
1010
536
9987
3924
9259
3989
4264
7951
3984
4021
9767
1307
8807
9518
6659
892
6553
3854
9490
85
9522
3014
9664
2768
2934
4625
1719
7231
1438
5076
5761
8695
8142
9465
9202
5752
8051
2173
935
9117
5578
1121
6860
1138
1670
4802
7058
5
6675
1675
3485
8354
6487
6882
6665
9438
5719
9174
4152
5951
3553
4965
7062
2938
7090
2172
4262
7137
3554
3938
4462
819
9468
3791
8896
59
1887
2964
4229
5302
6792
340
3549
1271
4683
6587
9604
9607
9811
5069
7647
2143
6788
189
8613
7645
9789
9978
948
5440
3432
7294
1781
376
6107
1997
2689
2373
1949
5391
2618
4939
4058
4058
1850
8341
8292
5386
6319
2605
8513
9118
1469
8908
7788
2076
1971
8672
1622
3464
5387
6856
8591
1688
8427
7048
8243
3794
3187
5245
6933
8243
9710
540
2640
2102
6810
7067
4950
4128
7923
3591
5694
9212
8121
5889
4769
4324
5768
319
8329
2001
823
6712
8832
8440
8760
9421
3099
6317
4004
5711
284
9070
4364
8032
7657
6943
2160
2058
9728
2365
5159
6311
4150
7837
2381
3166
5532
7353
3840
5309
172
9766
4627
1710
5550
3
4178
7439
3869
9504
3216
3068
7794
4268
9793
3416
5707
2541
3735
1349
3905
711
2565
4272
8103
2074
8517
2786
9490
5187
3421
5969
5058
6263
6966
4094
6500
5494
2696
753
5529
1755
4000
9437
4713
4946
2143
7820
4132
8548
9854
1294
6240
5095
2526
9227
5912
5863
9687
4852
4730
6362
331
5183
9913
3114
1738
8383
8548
9891
6865
4544
3469
5207
5105
7960
7005
2837
2975
7640
8407
148
7381
5998
1543
6773
2779
1534
4344
5868
1466
3266
974
4733
3569
6742
6934
7438
3206
7939
6742
2144
2049
1632
951
2369
2459
3229
9523
7930
5890
6468
9876
4246
3146
6989
6291
1201
6124
1693
3996
8683
985
2390
4981
9481
3035
6123
6926
9316
7902
6955
6529
4543
9303
1272
2996
4770
661
6679
3824
2614
7793
7384
6101
4059
8869
9937
1719
238
3755
3428
765
4849
1562
5178
3912
8577
9771
6881
3122
9045
5252
8778
3273
165
2139
2095
5951
5745
5913
8160
6181
9455
8254
9290
3655
6202
6885
354
2893
3951
7607
2853
551
4569
533
9490
7256
4198
9174
3734
4731
3455
9440
2782
7743
763
7998
6640
2581
7815
9682
2167
1442
8082
4701
6868
104
3835
9614
6469
5915
8718
9750
101
2851
133
9559
2803
4733
8280
8102
8204
3505
6094
9848
9271
5614
2519
9672
744
9330
2842
814
259
6039
9479
586
8959
8799
2079
6196
1904
5836
4890
6480
2592
169
2074
8113
4205
9095
2811
7606
592
4464
9709
8227
8820
7682
5418
4214
4716
5355
6630
7009
5289
6723
9533
5345
8105
9599
2761
4982
4686
4714
5062
1554
351
2803
697
8401
1605
8830
4408
7767
8464
1032
3306
5440
1956
7826
6040
1560
7879
4733
4310
8455
5807
7171
1717
550
2311
9916
8677
9332
6548
5489
9
3482
3962
5255
7679
4865
6745
4860
1982
7374
4071
9889
2019
7613
5456
3475
3877
6668
7055
9614
2908
275
9889
4567
5561
862
8334
7815
1424
5064
957
7489
139
2323
8433
4209
5166
5837
2175
6895
3540
5178
2171
4226
7766
6477
9549
6541
9471
6962
6132
7741
3112
6522
6336
3620
6543
1199
8442
5657
1745
8267
7849
2535
3734
2063
4887
4220
556
2811
1622
8592
9889
7506
8539
8469
8563
9624
9214
3190
9486
7405
3908
961
5433
4407
2870
181
7890
8479
7798
7985
9747
3546
8516
5009
7963
2964
9866
4619
1972
1668
8167
6173
8645
1627
6546
1215
8808
7865
9492
7871
243
2900
7613
4561
3403
2759
800
8809
6095
9228
1685
935
83
2629
5388
1822
8691
7957
3864
5268
6707
8429
4040
9473
1467
11
1362
2514
6639
6650
9475
957
8563
7834
4679
6360
2340
9328
8922
9879
2274
5290
8634
8149
5449
7511
883
9785
9570
7875
7591
8671
3695
5078
3945
646
3986
1795
4347
9865
3855
144
8318
7498
4816
860
8895
8248
8361
6287
8715
1483
5282
6733
3013
1862
6902
7893
4138
4338
584
9158
5578
8471
4218
4349
3383
7490
3442
788
4927
6616
4518
4142
9861
6250
8968
1770
3106
6195
9147
8542
6614
7603
9729
7703
3996
5170
5817
9870
781
4045
4958
5633
7789
1811
6993
9107
3403
5907
3219
8852
9677
1697
3487
4190
3654
4258
165
5137
6072
3068
4127
7195
8535
3895
6208
4702
707
2248
5302
4223
6176
1984
546
7277
562
8273
81
5383
4181
9606
2958
1014
8789
7196
7602
2145
9396
8947
618
8561
8904
8442
6587
1473
8156
1652
995
4921
8572
6495
7194
1227
9512
2233
5386
2232
9865
1312
4366
3545
5636
435
4801
3660
4875
4066
1212
3721
2874
3066
1338
9595
2904
3055
1930
4537
8289
7472
2490
2877
6300
2825
7268
1366
8838
3659
6243
3749
7609
2988
5314
6647
8073
3582
8569
7773
3808
1274
3009
8870
2616
4726
3891
7508
1340
3710
6790
5111
9672
1001
4631
9743
1872
2567
1655
9107
4048
5703
4731
5498
6808
1113
8719
5162
2619
1725
8631
3613
7947
9479
1158
7497
3670
7105
1289
5465
7527
5364
1844
8217
5514
3773
6932
4325
4855
8628
345
7589
4600
6887
9161
6857
3916
4310
6576
9921
6046
5363
8034
8786
3247
362
6477
4154
2754
2283
7106
8581
1107
6647
7238
3561
9320
6005
488
6610
7969
624
6630
7118
2678
4092
4195
8915
4918
9912
8907
6828
3295
8214
4384
2316
4985
4824
9412
8119
2523
3344
6714
1080
883
9002
9753
2674
8618
296
9138
5063
1324
2363
50
8212
1216
7953
3112
2053
5230
2757
4735
4002
6055
4034
7236
2082
7976
7048
213
1850
3135
1820
6130
4971
6822
9481
1504
7177
2494
4930
5632
8160
7717
1051
1584
8822
2561
7589
2086
6609
7338
2801
2865
5070
673
8386
2842
9791
3888
2000
1871
6770
2674
4697
8744
2073
5911
721
7403
5489
9979
48
7638
7955
4948
5780
1788
5126
2549
7498
8093
2286
8344
7360
8977
4668
1242
755
3193
3815
3793
8461
5455
6593
6210
8441
3451
7266
5583
9737
4179
3957
397
9809
3163
2769
1905
1061
6948
5154
3876
214
9779
6393
5389
104
6337
3516
2529
1070
8454
3586
9956
893
5675
6915
6200
5889
7093
1630
4656
1181
3331
500
2953
8661
8601
5116
486
3972
9454
9644
7234
5248
7219
7705
7621
13
4610
345
2239
2551
7280
2781
8263
8608
6750
3520
9148
2578
6099
772
5247
2890
8456
6823
3060
404
5963
1484
7400
7758
2140
186
986
6150
354
2188
649
2475
5483
4699
5837
9785
8236
6919
5866
5508
5075
6344
5739
8800
786
9252
6400
1530
6468
4511
5982
3653
3660
6281
1840
8500
5606
5191
4011
7031
8794
9317
5507
7367
8448
6422
2052
3420
6532
7612
3277
4730
4771
5299
1118
8574
4538
2292
8668
1552
9775
7691
2693
6399
4256
8801
4528
4848
410
5790
8693
248
8836
8510
5216
1431
8920
1446
2711
9984
7237
1866
7202
3112
3313
1276
2705
3815
231
2469
1647
868
279
9731
6793
6529
4379
8850
3823
5797
9267
6934
6509
235
6472
3192
7952
4735
4651
8687
8442
7255
2144
2143
9065
2975
7441
6390
9899
1683
4658
3896
4448
9169
6868
3928
9131
892
5963
1263
8637
523
3414
96
6060
8478
1055
4966
6630
6133
1103
2120
2687
2156
6017
192
2879
4431
3329
9346
2004
7742
8473
3138
5352
2256
4407
9998
4292
3260
8273
1102
7345
4553
3424
7831
609
1712
3029
2319
690
390
3814
8658
5929
3981
4591
6303
311
8096
7261
7951
3642
8837
4681
8385
3261
2330
6205
913
9695
9669
411
513
4630
560
8792
6464
4157
5511
1100
7881
8331
6895
5870
1759
8521
7504
2056
4364
1426
5615
7932
3960
5387
3250
1241
9148
5994
4488
450
1916
1512
4770
7208
9051
3725
8495
3028
8030
415
9561
5022
9850
1882
4965
9890
3220
8242
6678
3900
2346
1442
446
5508
5011
8231
2151
2765
3285
9505
4542
8290
3153
5060
3475
1248
9114
8430
8822
2678
2830
8985
1500
8966
4725
4330
8267
4890
9836
7651
4839
538
7126
5120
6620
9074
6583
1842
9140
5277
6221
7621
1524
2312
8730
2199
8949
680
1713
8301
4751
122
9825
893
2279
7031
2317
3836
2368
5085
3067
1762
9828
1494
458
1112
9422
785
1371
8577
8159
9059
1474
4133
5752
5372
2091
8527
3767
5039
241
3060
6320
1864
7170
1095
4092
1580
9028
5339
8295
4146
6115
7848
1217
4375
3995
184
3885
3003
7606
3897
1391
3476
4499
1975
1162
4166
3896
6299
5918
5185
4875
7545
6278
5330
407
9823
3318
5530
6970
2365
2772
6003
1377
1035
962
607
276
4679
7998
1305
1581
9305
7323
3863
7602
9899
3123
2271
7385
8044
1717
4840
1254
9575
6973
5360
5167
284
8088
5979
2749
9723
3715
8960
8882
5083
487
653
8372
787
3732
3416
8612
4190
9266
6070
7152
214
9893
9480
5466
1647
6249
6774
4577
5528
5743
4792
9779
844
3507
2113
5421
513
7265
3101
6383
3116
6624
7614
3699
2114
9614
1031
4890
6422
8536
3473
5038
5675
587
6303
1868
8238
1724
4247
9922
4844
2958
4753
8763
9347
8778
9770
8514
9118
9
1199
9713
4289
1097
7545
8390
1891
4634
5116
9682
4039
6774
1581
72
5756
9335
312
9994
1617
9186
7374
6307
4352
2231
5970
9540
9028
5799
3042
1786
3311
9365
1483
4671
6242
936
2725
2096
7098
1652
7894
3097
3493
1934
4030
7606
4461
6473
8385
4207
9450
8881
5410
4247
8448
6063
4473
9073
642
1559
3214
5820
866
6127
4277
2445
8081
8127
7857
5612
1304
8808
4878
8508
445
8491
7845
6696
2477
7514
7944
6401
9835
8514
2843
8964
6583
4194
39
1882
2495
7131
6700
9195
1497
6651
6041
6061
1750
6856
3813
9512
4685
4901
9706
6651
109
8474
3955
4917
8730
5255
9857
2449
3300
3189
9583
7287
5890
1168
1197
1218
1405
10
1325
3140
4308
4193
8836
781
1978
8524
2098
152
744
7127
6423
6501
1872
1652
5072
5206
3209
7765
1529
4739
7080
7782
1898
282
8636
8959
673
8455
866
8737
3743
678
3817
4490
2359
3225
3828
7645
1148
5108
7059
193
6097
9926
1021
1958
4611
4419
4559
4191
4064
5085
2375
4333
6746
2553
7037
4372
6972
2187
3134
6251
380
1841
6435
5403
7590
5340
7083
8646
5738
2429
7077
9118
7739
1024
8101
1004
1772
5207
3299
8329
1785
8521
2899
1482
4350
9630
7350
8832
7461
4109
977
8528
4799
4097
5459
7997
9743
7854
9556
3546
6146
7150
3849
3665
4623
8169
3600
9300
3284
8315
7134
4192
635
9425
3524
8951
6962
1250
5426
1057
7363
5508
4288
168
777
1418
7770
4980
6185
6062
8815
8199
5749
7986
6786
8247
513
4351
1080
5156
1642
9889
7168
7682
9656
5141
1030
6806
3240
4733
6909
2132
693
9923
5427
6238
4506
6464
9553
4736
7967
6877
1292
1985
2694
7412
7074
1754
6686
2086
6476
2081
2881
9367
597
5368
7072
2314
8077
750
811
7175
2717
4737
7094
7196
4561
3827
5535
8564
9289
8253
6072
8970
9848
4855
1589
4307
693
8350
3335
656
797
1350
6472
4912
2675
7594
7603
4836
2662
2419
4421
4460
9075
3610
3702
535
4102
5588
5622
9232
6731
7266
7351
3830
4037
6681
2733
1652
2926
7507
4135
969
1091
3531
4870
6513
377
1468
4340
8643
7871
2023
5764
6975
203
1956
6169
8859
9063
4360
2696
9045
950
7852
4427
5518
113
7563
1296
5297
5452
8037
6186
5365
1219
6206
7935
5696
773
335
4667
6580
1906
7883
2680
8218
2925
4668
6844
2874
3849
1209
4368
3946
7648
1555
476
3826
725
4142
4526
9273
4024
7851
2096
6238
2338
2655
7101
5569
8681
4860
7746
5346
1080
8745
3686
1175
8729
4179
4605
1537
9743
1827
739
5491
4655
4080
6843
264
3562
162
4269
8349
2867
488
8934
4980
4984
7848
7352
2137
4492
2578
7558
7831
6812
8949
2509
5123
7133
283
6556
1794
6917
6819
1794
6307
654
203
7210
8409
1254
6973
3048
9965
1269
9124
1338
9882
4449
8768
2264
4828
7540
4279
4100
2397
3938
8110
9246
1756
6800
5707
7016
97
314
6220
7567
1037
1134
2289
9856
134
1269
9774
1360
2551
917
9895
4676
3746
6657
5106
9209
9741
4546
6332
8920
2074
5687
4268
2020
7214
5959
3576
9141
463
3109
6613
342
418
8929
4212
560
5226
8284
5234
6715
8707
1267
1557
6993
9174
4701
3902
8600
5442
9344
3042
4003
7077
6122
7222
868
1665
6832
1404
9874
6890
9923
7844
7734
4140
9599
7824
9379
7092
899
2272
4823
8991
587
5715
9434
7390
9669
6199
2409
9334
2421
3396
2671
1620
8328
3206
1631
1864
6107
2925
3896
9817
1069
4904
9192
4155
8519
3781
3791
9418
7560
499
8792
6182
8934
1796
943
5686
9754
4588
7194
4343
6828
1745
2457
6333
6009
947
5977
9342
6454
1156
930
1991
1354
4366
3177
8991
9411
8047
4996
8538
1710
8719
9652
1693
1803
3648
2811
2609
9287
4319
2680
5844
3179
1486
1151
4330
9906
5070
768
7635
2497
3648
7978
6091
4692
2121
9600
340
2447
7139
2902
8846
7235
4720
4780
2592
7740
43
8095
3659
8079
6217
2335
1337
9548
2441
8625
7671
238
6348
963
8683
9919
24
7098
1618
7153
7160
8827
9526
2071
9879
2212
1253
1095
2444
8799
1293
9975
4450
7532
3812
7975
19
3831
1407
753
9382
1396
5687
9680
3719
5115
3098
8138
720
7150
390
3368
8528
9278
6029
2026
9998
9177
6570
9321
1851
8240
8630
299
9577
2745
4544
4234
6085
1997
4921
2261
3924
5585
4465
9354
4104
7041
5146
367
9260
6607
9849
2993
5409
5097
4594
9958
7116
6507
9244
5920
988
5292
3005
9722
9783
941
5850
9153
1159
5936
6969
7218
389
755
629
7598
4930
5560
8179
8410
8818
4244
2799
5082
4770
3847
3753
8189
8270
267
1147
9848
2172
6089
2683
3380
9532
8121
3514
4597
8487
1080
6634
2690
295
8783
5923
174
7374
7753
67
3594
1923
1990
9389
7496
3475
9386
5905
8130
3887
6077
3970
9343
9571
3912
5611
7496
3735
9573
8706
8529
8502
1323
9495
4195
2770
9490
333
7210
4494
5572
6640
4139
8579
464
5962
8884
1358
6592
7139
374
3334
754
3712
3506
3771
3999
3562
3936
194
7091
3083
7291
5552
6770
9490
5973
1341
3422
3797
7055
4277
3147
7160
5432
1961
6773
3339
8180
2694
9757
4268
4760
5662
6561
305
2999
6170
465
3149
9355
9660
8329
4250
7661
1103
1002
4275
2739
2307
2526
8505
7979
2787
5657
9862
4561
4941
7559
247
127
2043
3205
2790
249
6613
8615
8088
3723
1429
5268
9317
576
2005
2514
800
9236
8444
788
9425
8036
8824
8756
5727
5913
4937
4528
662
4726
2572
1853
956
9975
7733
9894
5620
1428
4722
13
2977
2879
5870
3976
984
7500
1734
8857
4984
6861
1914
5890
2785
6594
5230
2270
9652
7871
8657
5653
2208
1237
4289
6874
4960
4232
4653
7932
3089
9452
4802
5792
9410
3559
8784
7501
132
5022
6428
9025
8282
5415
2931
2962
7176
4644
1535
5370
6747
3936
2394
5990
3122
5399
8259
79
4271
5874
8233
7815
2891
3887
778
5007
9162
7628
55
7371
6935
2379
4950
7387
7450
7577
2145
6755
7096
2619
8323
461
2606
9702
6641
697
3971
7498
9991
3048
4809
4777
5921
4929
2027
661
9458
2054
6149
5320
2079
4911
8000
350
4293
7622
3870
3199
3165
7035
843
4229
4454
1659
1022
9702
2458
2541
398
1420
1517
4358
2860
1034
7224
9202
1221
3411
8214
4617
8486
835
1963
7817
5416
8266
9101
7467
4201
5886
8967
9377
6588
1954
2763
3486
5502
5541
7496
1485
6159
5831
3325
3538
6493
8359
7244
47
1421
5121
5987
4118
1810
2646
7972
3416
9393
1950
3374
3760
3480
2380
1755
6624
1830
3484
7710
3026
294
1646
5720
5592
5365
2886
1569
3929
8191
9760
6721
423
4352
7906
43
3171
7863
8560
6582
4647
9575
648
9208
7953
9159
8041
2660
2850
3470
200
5052
9895
8244
9414
1587
5192
4991
2466
9516
825
7027
1068
2439
9633
6699
5353
355
2425
2953
1381
797
7936
1435
43
636
1940
4070
5981
6024
5517
6449
7169
2564
9110
4742
2749
2406
2057
2976
4320
4392
2846
5072
1425
5443
1914
206
9216
2502
1674
5659
1935
6267
6574
3937
26
8417
625
7885
7285
2344
823
7963
8438
9850
3631
4855
3601
1781
1642
4472
5273
9955
8682
9463
7059
2000
8261
4912
9514
3182
1800
2831
1957
7126
7858
3874
5674
4806
779
5518
1484
548
1428
4922
1754
3238
9839
6729
2261
669
7041
7566
8931
6828
6404
4340
8769
7000
8413
6529
712
228
8111
8406
5689
6011
594
3857
4085
6504
4993
869
6884
2951
6916
526
9487
9264
2569
152
1004
9429
5059
9372
5799
4988
7557
497
7117
4939
8578
4549
8101
1579
7378
1719
2465
2345
3663
7285
1072
8450
6652
9569
6434
5334
4598
429
9859
8643
9756
5628
3637
1831
5634
9250
4764
4342
2982
7834
9696
2358
2398
1802
1500
9184
2165
8262
69
9762
1522
7863
2077
6151
8981
5238
6760
2723
5676
3007
5489
8212
5493
6190
5355
8302
5997
713
5348
5648
8899
20
8453
932
953
8019
8024
7389
3239
8429
2409
3366
3323
484
606
1981
5145
5252
8028
8512
6577
5515
1924
8672
7239
1180
4686
4384
4686
32
780
797
7449
5483
4478
2324
6767
409
7599
6433
3377
9585
5196
3167
8487
9410
3357
3826
9455
8948
3456
2452
6365
9701
6322
2908
2413
3972
904
651
1250
3307
4211
6415
1703
2355
2883
7184
3451
5296
8179
1262
4929
7708
8660
7557
7
7469
4936
2372
8886
2404
8975
4908
1364
8833
7640
122
4788
7243
4640
4441
1014
8204
7175
7971
3409
6996
2102
9903
4136
4454
3035
2920
763
4892
2850
2490
4833
5596
3553
7370
6580
1012
5845
4491
3228
3485
4028
4857
8954
2350
8349
5376
4894
5879
6388
1115
9464
8590
5663
8420
6902
511
8963
7628
9386
3571
6731
1448
7242
1142
5138
613
6074
6336
8959
5952
341
7433
3139
8096
4522
2021
4437
6211
6240
5896
9460
9537
5606
7628
603
2871
2764
2355
8341
8944
5267
9605
8358
6363
9173
1677
3845
8931
635
9700
5676
1501
921
9852
4149
885
9414
1097
8570
188
4152
6780
4627
4343
3723
2675
2953
9468
9263
2791
5744
3061
7496
4168
3970
380
7031
8428
3565
8284
6513
9232
7900
7414
4065
9794
7409
5172
7826
1694
8856
394
3732
4126
6965
8279
4584
5481
284
709
5293
878
3575
832
3859
5646
1529
7357
433
5016
3906
6119
9274
6797
4075
4660
1476
6177
1398
5406
4153
6866
1278
2019
1299
9199
7816
3037
848
7893
9279
6345
9247
3530
6570
5779
3928
8775
2782
1625
6473
1476
6077
2978
6906
2357
947
2837
7453
5620
828
7245
2305
5069
7221
2664
5677
3260
6142
6246
3002
942
5667
7445
8760
2570
1963
1604
2546
7451
4665
8875
7414
1750
6560
9824
5174
2427
3060
9841
4810
8109
8563
9497
5073
1053
1125
5935
8414
1857
4096
6944
5911
9756
1968
1597
9655
3739
1878
4570
6889
5843
5135
4027
2415
5871
4403
6595
9366
8890
5586
3149
6655
2872
5159
4147
9733
2712
702
7990
3185
5719
1163
1852
3017
2323
1210
1455
3308
6044
6641
7524
3299
9343
4086
3642
6037
5776
8300
3437
1904
1988
7867
908
3610
2299
4288
6802
3135
6793
934
1489
5303
2158
8964
8757
1410
9692
3662
4109
1270
1259
5001
1703
1495
5088
8299
6875
9460
5135
6630
2266
6671
8450
715
9061
2004
992
6128
4802
8130
8497
1759
3431
4423
8057
777
2936
6235
5585
1300
4390
5881
9773
5479
4414
1212
2927
8931
5618
610
4282
3791
6724
8162
6861
1238
3631
3279
2506
3902
5309
8859
3899
7178
3154
1767
7077
9871
6708
6815
8791
2795
9971
5562
6648
3570
997
1170
2563
6133
4736
7130
2205
3789
4653
7566
4880
3060
9617
2141
7939
4346
422
7213
7749
7665
8376
7628
1771
6395
7384
4562
4037
3698
9489
838
9743
6532
3466
8029
5277
2226
4938
649
8480
4115
7340
8577
4231
1752
6812
9096
9980
55
459
4690
9298
5536
6442
6042
9329
3735
1705
3193
4500
9399
3154
5591
543
3737
8365
1531
9302
8486
7969
5752
9643
5058
6220
4392
3381
5469
288
4986
7542
7166
1281
6267
9313
7212
3193
2566
1525
8497
7977
3239
5132
9077
5050
2865
3948
9826
6867
6035
3755
2007
9529
3174
5060
6436
4010
5398
8959
5023
409
3388
2618
4405
4576
5717
1850
5238
7016
2083
6096
7948
132
4470
6320
6777
31
2622
2023
2754
286
6607
750
9325
5933
4476
7889
5129
1692
735
4055
1901
4768
9762
2991
3726
1509
1872
9906
699
8581
4305
6492
4732
6604
7345
3878
9558
6085
6194
268
8234
2059
4169
30
6030
8450
1086
4424
6971
5136
7384
1790
1070
9520
2405
6829
5692
3944
330
4134
8941
8333
9817
2970
6379
2185
3185
5983
8158
9499
5852
8777
637
8433
9071
5124
6372
7296
6438
1445
3267
8164
8927
2696
1870
3315
7579
2059
4715
3844
2425
1502
82
4561
8161
6964
3117
6441
7867
3608
1655
5894
2228
7670
741
4433
666
1697
8527
8691
2118
6264
1653
9811
7932
3738
2963
1706
5442
7256
3955
6918
7574
2527
2615
4233
2971
2557
8227
2185
9759
8218
2942
4530
289
81
8516
6200
5207
1572
1752
8170
453
6417
1972
7635
3310
8018
3179
9576
8874
8853
8014
5263
5410
4865
4464
9297
1197
7364
3103
8366
4124
9391
7237
3736
4751
4602
7970
2321
3427
3503
960
162
8477
7960
6499
4176
7072
4878
4597
6048
8465
2616
6571
5436
7034
6612
8786
4596
5436
3104
6576
406
3192
7789
2389
5569
8520
5570
4708
123
5692
4268
3236
5778
7350
1519
5386
4263
2450
6343
7739
5425
9692
1411
316
4117
3682
3539
4075
4950
5700
5105
4404
3520
8031
6413
2813
3241
8346
4704
919
509
863
2661
1639
327
9812
1708
8906
2181
7684
1489
3094
5276
1125
4179
5246
8911
1136
2226
6917
8179
4668
8247
4139
9398
7361
4052
1879
8710
7263
7332
1516
9686
4167
2704
3999
1049
4778
3468
7635
8044
6791
5888
7146
9887
9670
1346
7234
5131
5055
352
3842
1117
5206
4012
2829
6671
2
7075
5166
950
7452
6328
2158
1870
2495
5546
8622
256
1324
4240
7835
5819
9844
4088
615
2399
7513
8481
5791
3855
8850
204
9719
8058
860
9341
4193
447
8690
8263
2269
7149
9416
1109
11
9372
742
7980
5405
8745
3236
8246
5966
9024
4008
5823
7745
1492
1116
113
1549
6477
3437
4670
2020
8022
1510
4948
1774
3794
1702
9622
4692
372
5035
5986
2522
489
911
408
1938
781
2349
5880
2838
3447
9595
3459
122
2060
2841
2910
8863
503
9155
1163
4871
5251
5622
7811
9208
8711
1919
2137
142
7090
7391
9310
6355
263
3057
6418
7746
7920
5189
6707
6866
2052
9734
494
935
8613
1430
3565
5798
5472
6408
7838
6407
8659
5087
1667
1444
4591
3256
1477
7670
4838
6019
3021
7613
6255
5744
9512
9714
8259
9541
4229
2786
6058
8932
5288
3048
6619
2887
8175
4586
4233
4313
532
7424
9010
3637
6875
9629
5914
3892
9907
3865
5756
917
6366
8684
9242
5610
9095
4978
4854
9122
3318
431
4084
3316
6352
9794
769
1176
1436
1512
3143
1927
4495
1141
6425
6415
9268
361
3936
5027
6060
4021
8446
8808
3695
5893
6034
1907
3996
3172
8062
830
3376
145
8740
711
9089
6859
2211
6677
4619
2980
1208
1697
7428
4036
6684
3469
2281
5723
6317
9436
8418
9344
5351
2256
8798
6032
8288
4188
1985
3699
3318
1150
3822
5005
1559
7591
9152
2065
3408
9363
8481
4914
1494
260
7933
5294
6817
2374
1977
7677
1808
8315
1379
2526
8633
381
5139
4333
7182
5179
3033
1514
2622
3003
4355
2701
9494
1582
4616
6130
6241
8140
8209
3135
4984
1282
3133
9631
8287
631
7957
7191
1301
9297
7301
9475
1837
3300
2438
5738
9878
3253
7290
9728
9202
7855
4866
826
4511
1424
7884
5459
2209
1959
7975
3866
4349
4704
9229
9939
2019
5333
570
6577
8151
5558
1696
7151
7721
5992
1505
7240
8937
5164
9480
2836
2343
5000
2258
5621
930
6155
5826
8085
9670
6616
3512
8903
6220
9615
952
2349
702
7429
2387
6708
1890
4693
5163
3581
9634
3687
7416
4598
1741
6386
6674
242
3121
8955
5640
5104
7708
7121
8906
4706
9690
9827
2495
841
6077
829
9006
5535
7816
5608
8710
2040
7316
1954
3841
2690
3346
9797
7501
7159
4817
6316
70
8763
1301
7764
315
25
8523
8195
1646
5376
5691
5716
2206
5084
7039
2629
8532
1927
5388
6671
7471
2063
107
9492
1048
9595
9092
2406
3667
8797
162
4993
184
2590
4172
4261
7363
7337
8177
4257
4800
6180
2019
1511
6294
4600
602
7956
2073
8514
4691
6511
6152
8225
5927
2787
1554
1797
42
6489
6553
9016
834
9158
279
3883
8819
6570
7850
4762
8918
426
1412
3351
2440
8775
3139
8046
6789
5412
8806
9058
4876
4594
7092
8221
1487
181
4646
7414
7039
3421
9139
5659
5840
503
9642
3351
474
6833
3823
3726
5093
3451
7372
6868
5885
5601
9708
2509
7602
5537
6011
5520
7279
4205
203
284
4035
8595
3330
3628
7126
8939
6050
9310
2326
4164
5199
6919
4301
8334
3471
4154
2426
5898
3481
7401
4028
7169
5842
3682
3104
2661
907
4995
8853
2908
9032
3621
7788
1711
8377
9104
4493
2565
7874
8540
7482
3205
6257
5514
2951
4455
7660
6907
8848
9387
2990
5489
9945
3755
2130
799
5120
5006
332
8303
4963
5459
5920
8196
738
5160
3757
4256
9220
3073
7464
4683
8440
6687
5368
2026
1156
3222
1383
9823
1935
8487
7710
3671
636
6643
2398
9278
7340
468
575
7392
372
1897
6502
5915
4691
2962
6261
1417
9274
9474
2969
8777
8081
6755
9201
3366
8775
9303
1311
9304
5051
1706
2598
6656
2054
4425
2174
7604
1497
9799
6982
4300
7300
5271
9019
8020
2354
1559
5031
8616
9140
8825
2150
1495
3709
2152
8839
3318
6194
1713
2248
8204
1569
6710
1115
7825
1973
7857
8745
4340
685
4486
8826
7757
9527
1618
3074
5017
1198
5991
8320
605
6997
2726
5062
3713
6128
4032
6117
1792
1414
7531
9491
5715
6592
3464
8266
3759
7730
230
777
7370
249
969
5707
5937
2888
865
6572
5902
9677
715
9434
1445
8962
4451
4838
9932
906
4902
7265
9403
1084
7016
6994
7846
1150
7838
4977
1044
3343
2442
758
8
1365
3351
4370
1697
2643
4957
932
1888
5548
8608
5733
7620
8552
1520
2994
2674
8222
6126
666
9218
7973
4784
8345
852
9333
7035
1505
4745
5230
5908
3354
4461
4250
2869
4454
5475
9528
8081
4352
9983
1789
5662
924
4120
1362
6379
8168
1939
2651
4544
3395
1520
3460
8692
450
3101
5810
5969
691
8955
4505
6231
3749
5716
4440
7337
1936
1882
958
8459
3194
5473
7570
6455
2914
5404
3052
9020
2999
6785
9601
4820
6805
2041
8290
5984
4057
8597
5648
4810
8674
2215
6272
2839
4945
6698
9350
809
5096
6870
607
7771
5436
1716
5219
3440
4536
8414
6710
2432
2391
7029
3135
5952
354
2806
9564
7295
6334
4266
1229
4620
4036
1442
8944
1053
8581
9157
4981
1759
6423
5794
5290
4379
4574
1810
1385
3144
5537
9805
6737
8589
76
1211
5961
2396
3608
759
2845
8182
2144
5027
3472
1868
1105
3950
6745
6081
5360
3882
5750
5299
6855
1299
3142
6001
5048
5657
779
3592
3329
8886
1053
880
1832
4331
7660
3595
7270
497
3379
6745
225
1958
720
7810
7776
1328
3394
5316
4105
8022
3417
9351
554
3773
5460
7900
2536
8454
6489
9518
8845
9857
3702
8736
9983
9241
9624
666
5134
6717
8533
123
9748
8014
4715
8823
6937
7842
4681
225
2223
9802
4566
4664
3929
6076
3456
1062
9308
2408
5320
1418
7643
4171
9847
5192
9775
1919
188
8101
5299
6771
4107
6864
1458
1932
1478
4804
4392
4452
6384
8564
1713
3530
6959
1085
6783
9922
1408
3121
1227
1048
2312
2260
9043
5149
9664
9170
4819
4680
5590
385
7235
1831
6189
7200
8292
5423
138
2686
676
8187
6149
9494
9249
7018
7694
4879
6861
2337
2973
7482
8468
1190
9452
7746
4486
2768
1587
6828
7071
7144
2083
9447
948
4957
4570
767
6653
6879
3844
2013
3465
1261
7273
4840
9030
2228
8896
3879
8596
2735
9509
3246
1264
9736
1596
1263
2528
4611
68
9713
4425
6329
3827
1030
8299
6835
5644
1885
9497
4108
1049
6762
6326
6491
1458
7785
792
1378
9193
5089
3333
8286
6884
7110
8488
7568
3887
7981
5128
879
917
9367
8485
8350
1513
4691
1138
3233
7496
1777
7972
7954
5186
8785
4449
5743
7859
4184
2081
8248
4063
3772
4825
3205
5814
3324
9930
4789
3923
9737
4292
2634
5238
2579
5306
7940
6750
9329
121
2641
6770
6606
4119
6760
6671
3617
294
1063
3231
8866
7373
7445
7067
2514
6781
5853
4258
6061
3443
9217
4962
2277
822
784
1030
1760
115
938
5322
9771
0
116
1054
9547
1982
3161
9634
4011
8140
3430
7148
249
4691
5942
741
7987
7509
6687
2870
8236
5559
3499
4666
5919
5551
5432
9520
3475
9035
8956
3760
3767
778
8000
5706
8278
533
5967
3272
4173
6174
7709
7519
6895
1669
7325
2278
4041
3176
7659
520
4908
6089
8782
1933
8641
4928
6464
3725
6946
7001
7884
5714
9015
5108
4564
5927
6679
6052
4742
9111
6277
8421
4308
5045
3337
9389
7687
1069
6858
3867
5930
5027
6479
8261
1427
3058
8450
6057
1577
4351
565
7181
7927
4798
410
6467
9902
7981
1635
2220
6049
1105
6145
223
1488
5462
7838
4728
2294
4416
6065
2087
7256
9898
7898
1442
7990
1508
7232
5115
6988
8430
4398
3819
5327
4799
6585
2685
769
5167
8657
8986
5846
8029
874
3559
6742
8649
88
6230
8118
2202
3076
6635
6117
7333
3721
3101
8239
1738
2425
7289
3486
5224
3487
7798
4897
7774
3686
1707
3321
4697
4804
4467
936
7752
7345
1328
5795
3161
7240
8473
856
6872
6541
887
9522
8895
2802
9674
7789
1755
9457
1052
8841
2205
129
1829
2881
9456
2621
4977
9639
7788
322
1825
2114
5811
2145
7122
4695
9714
7075
6305
6465
3264
278
6748
7694
9899
2495
3707
2047
6863
6971
6018
8745
1816
6230
829
4946
3202
8824
3443
4027
6583
1510
4712
132
7865
1956
6770
6536
5451
6586
3040
1906
2696
6333
2227
5511
9381
4569
247
2007
7821
5707
1560
3941
5874
942
5212
2225
500
324
3779
8833
2807
189
4873
6586
9022
3586
3295
2964
3153
8840
660
2689
740
6813
5259
7663
8403
5035
758
5595
2489
8024
5778
530
4501
2711
7582
8797
2635
7137
7917
3168
5455
9521
8094
6825
8424
5152
2325
5409
9748
9924
2170
7833
1564
4148
3162
161
6999
8058
9622
3073
8115
2718
530
646
392
3809
852
1382
3301
3948
9706
7757
1045
6583
803
3100
1263
1401
2868
89
3041
4550
9905
1964
1754
5006
6305
7435
1432
7285
5177
6735
4473
8572
3283
5038
4525
2937
1975
5568
4370
1200
7936
2904
1108
8039
4391
9429
4920
3520
5826
6424
3165
3954
1403
7828
3813
2021
3825
200
7760
3640
4795
9837
5890
6723
64
6830
2545
6260
9997
2383
8914
4710
1966
3638
5512
5194
7161
543
7058
5664
5113
8752
1602
8763
9306
537
9518
8723
5835
6684
3893
4430
4004
8744
3620
4598
2186
6725
6340
9960
4600
3886
8484
5068
8770
6213
9147
205
4151
3376
4246
8847
6841
1058
5958
6163
3698
7819
4904
3638
9949
3164
4902
5500
4608
7757
5845
7514
8416
8489
3233
2357
1817
8001
6092
2139
1588
4740
4756
9448
3639
4131
9814
3344
3854
9872
7378
2603
6287
3345
5948
8836
7125
3476
379
5894
1422
8218
5852
7013
3677
4758
2105
7802
8641
4135
3338
2527
2096
7431
9331
6491
1201
4489
496
1726
7013
5263
9512
5368
8284
3396
434
5884
2452
3706
4141
9193
5087
5802
2361
6067
5933
6243
7095
7478
971
9055
1331
6453
8463
2832
6491
7614
5597
8426
1481
2917
1540
1154
7461
8942
5505
2868
4409
3356
2821
3816
9945
4850
6363
9232
7924
7124
6739
2175
4556
9600
6014
2078
5438
246
1795
7059
5956
1295
3373
5436
111
3048
6551
8510
2751
1019
7529
6455
6795
2385
4334
357
1376
6223
7832
2977
3154
5820
921
3546
4872
9013
3581
5064
3718
3613
501
4598
6481
2488
649
2571
538
5136
8810
4264
7961
9952
4552
2013
3169
5073
8395
2059
7364
1682
8080
9923
8146
5774
1643
9007
7186
8824
9867
1894
5501
5263
5195
1531
7854
2130
7325
8141
5525
401
8950
7961
472
86
957
8960
9908
6861
8341
8161
129
5746
3552
562
8896
6673
2996
2648
5316
5173
1880
1980
4876
7525
789
6093
2370
7543
1839
1384
6745
4603
5069
2269
4103
5180
3130
7233
7792
6424
7421
5766
65
7130
8616
2338
2168
8550
716
3331
9126
6262
7368
8558
9321
2218
847
6368
6076
2120
2567
654
2926
892
6700
8774
2401
5565
8564
2011
1765
2658
8957
1268
807
2818
7637
744
349
1816
6361
6059
4331
9020
5516
2239
9249
5016
2875
5514
5114
9779
91
5722
6758
2848
9878
9969
8686
961
2357
4059
518
2431
8416
9204
423
6563
8961
9016
3391
1666
7419
1361
7213
4743
7161
6333
45
1466
8456
1630
6739
192
2144
3046
6495
9928
8125
4622
3102
7209
5032
5133
5359
5486
5287
1138
7695
493
6315
8541
2633
2211
8928
1967
952
4179
2704
6756
4047
552
9480
1831
8971
3091
6217
7204
9769
316
5029
5722
6038
7060
418
3030
8615
381
6508
5314
4350
2483
2902
5587
7690
4135
6619
9904
9521
5076
7031
5448
4643
8388
1543
3805
819
7656
239
9707
6414
6897
8094
8193
8471
9870
6003
3627
5074
8167
2629
2140
8788
8152
724
5127
3296
6096
52
1643
1187
8708
4074
5717
5507
8641
6029
4108
9615
1692
2161
3294
4537
7409
7690
925
6298
3539
4815
5657
4917
5441
9498
2024
1021
3946
9035
3778
2119
769
4859
456
5843
9970
287
544
1425
9095
6597
6725
6504
1009
167
6103
3137
3305
6589
3383
7010
6032
3100
2947
9690
6330
5931
90
3281
9681
2420
1284
4653
3133
5498
8168
7918
7660
2517
3501
3500
5944
5341
8281
5129
4802
1449
8840
3281
7063
1480
7098
9882
7344
7830
7230
6461
6163
5393
8380
2219
6252
4816
170
2833
4986
1046
4516
9097
5285
1809
1584
8796
1926
5286
1715
7000
5560
2475
7761
3696
322
4012
8895
8221
7195
5841
4778
8288
687
8908
5163
3043
6695
288
4888
7943
1468
1772
5994
1527
6371
4025
6521
4827
5392
8980
9108
8290
1142
3589
9320
4894
9321
5544
2547
9461
6939
2738
1696
4244
4373
1414
9942
7708
5349
1502
512
4350
77
3791
9712
1759
1836
5008
9029
3700
1712
307
1439
3368
6839
5375
3205
1081
9263
458
7693
4042
3787
4101
5825
2052
2511
7533
2195
6834
2174
2389
8272
2744
2499
3826
1553
1108
580
3886
48
7847
8763
8002
8597
2696
5313
8588
2544
7326
7175
9872
2374
7183
5854
8399
5438
4286
1911
9303
1907
9044
3308
6904
2980
5341
6259
966
7415
839
1556
5972
2493
3347
7217
6011
5146
7866
1382
580
8484
3541
1238
4122
8380
9087
8116
7866
9354
234
523
2959
5239
5520
6445
6521
5090
9273
2301
8693
9035
6000
7937
8999
5704
4709
9372
8375
5048
1438
322
9175
6770
5934
6131
3533
8008
3648
9582
3473
2107
3156
6805
9428
5711
8
2921
7300
2015
5860
9313
5474
4244
4739
7994
7334
3728
6613
3028
2141
5947
2030
9126
9249
7937
3290
9767
5339
3009
4879
3762
5361
5942
8353
604
1417
4948
4620
5379
4127
4563
8631
276
3989
5355
8116
8718
5766
8801
3903
6729
4558
8522
7492
1680
1669
386
9298
2908
675
6885
5682
1113
7918
3519
6514
5761
6907
950
8868
8075
9139
8459
5956
8730
3248
9455
1070
9197
5642
1846
2152
1661
9621
7304
9456
8532
9599
3752
7933
1810
36
4290
3592
1344
1357
1380
5566
5241
5624
5158
6502
7882
9161
7393
8043
9425
5619
3799
2809
9040
2645
9599
275
6713
8770
3932
3531
364
4017
2193
7311
380
2031
5711
634
8682
2533
8924
1279
952
9634
9820
6273
4118
3246
1945
1068
1136
5504
4475
8053
8262
2994
9438
6653
2973
4041
9216
8979
7719
3598
3682
3473
6331
7952
3506
258
8781
9383
115
9925
8067
3373
207
4628
5794
4745
7319
3519
2295
432
1487
5006
4922
5006
7301
2918
2064
4855
4499
5414
9044
2196
8705
1676
1832
2163
7134
8293
9534
5654
6283
3373
3142
9238
8730
6218
8182
8445
7082
2088
4627
2342
9942
9480
5727
6474
3740
534
5923
2568
4656
2590
8513
6007
8266
5536
9836
8113
8978
4169
1352
1104
2344
6322
355
3572
5331
5468
9317
8306
7334
7185
4862
8282
9229
4336
8397
3028
951
340
4785
6234
7940
8891
5391
5731
8250
3012
8429
2673
8404
8567
4642
9210
1932
3668
4029
1532
5384
9052
7818
4581
9350
4933
784
6655
2907
569
7602
7508
6141
5205
5360
9273
7473
8735
3196
9337
1181
171
3749
8617
921
7073
2102
3712
9859
1853
5565
4105
7466
1317
3457
4677
3594
9208
456
8440
9713
3590
5706
9964
7960
9321
4337
233
8673
8415
3900
5368
1029
131
6816
7285
5487
5149
5279
8899
2099
2318
1870
2478
6429
6423
7953
2847
4718
696
9721
3174
1950
2620
9049
3562
1526
4374
9092
9583
2849
4212
1086
7409
7745
5075
4832
556
913
9922
9932
3578
4215
4757
254
3540
4081
5496
679
6378
3785
6196
4607
3452
2549
7368
7487
1072
2975
762
3476
2141
7229
9733
9137
8594
4407
352
6240
998
7965
8577
8833
530
3619
9765
7530
3564
673
6963
3052
5010
775
1448
1889
5051
7140
3873
5119
5698
3441
9307
7410
6382
5178
3164
9659
7446
4880
5408
1781
1590
9519
528
1655
1907
363
5215
2041
156
7616
6536
9523
5414
7117
5184
1822
1979
7388
8712
4565
6075
2689
7829
1097
5909
7172
258
9650
5832
5481
4463
1672
9708
299
7912
5056
9215
7
306
5807
2938
8919
6756
9567
9151
3904
1905
9233
8494
3865
1221
943
2317
9840
4454
9634
5675
5678
9751
3546
9474
1668
9701
664
4569
41
3741
9515
1790
7624
1861
8049
9932
2899
1491
9758
3297
458
921
281
582
9041
9897
5106
2662
6087
2903
2002
7989
8778
6797
4051
3654
5656
7230
3601
4588
8872
5803
8957
1426
5105
7833
8263
9776
6934
9506
8453
1714
6294
7154
1667
7101
8601
5037
2236
3152
2159
5013
911
851
4003
8217
7944
3466
5349
7058
5263
3386
9963
5520
8137
8010
6088
6009
2755
213
4595
5579
4731
2127
7706
7775
8357
5499
254
703
9181
9635
4277
9471
2564
8064
2165
9060
4331
3369
9478
8207
3101
3592
3344
2597
6435
2212
1876
2175
3484
9424
3459
6804
7884
